1,AL,2015,2893005;
1,AT,2015,8576261;
1,BE,2015,11258434;
1,BG,2015,7202198;
1,CH,2015,8237666;
1,CY,2015,847008;
1,CZ,2015,10538275;
1,DE,2015,81197537;
1,DE_TOT,2015,81197537;
1,DK,2015,5659715;
1,EA18,2015,335549738;
1,EA19,2015,338471000;
1,EE,2015,1313271;
1,EEA30,2015,509758499;
1,EEA31,2015,513983815;
1,EFTA,2015,13770625;
1,EL,2015,10858018;
1,ES,2015,46449565;
1,EU27,2015,504225540;
1,EU28,2015,508450856;
1,FI,2015,5471753;
1,FR,2015,66415161;
1,HR,2015,4225316;
1,HU,2015,9855571;
1,IE,2015,4628949;
1,IS,2015,329100;
1,IT,2015,60795612;
1,LI,2015,37366;
1,LT,2015,2921262;
1,LU,2015,562958;
1,LV,2015,1986096;
1,ME,2015,622099;
1,MK,2015,2069172;
1,MT,2015,429344;
1,NL,2015,16900726;
1,NO,2015,5166493;
1,PL,2015,38005614;
1,PT,2015,10374822;
1,RO,2015,19870647;
1,RS,2015,7114393;
1,SE,2015,9747355;
1,SI,2015,2062874;
1,SK,2015,5421349;
1,TR,2015,77695904;
1,UK,2015,64875165;
2,AT,2014,7.7;
2,BE,2014,11.0;
2,BG,2014,9.6;
2,CH,2014,9.6;
2,CY,2014,8.8;
2,CZ,2014,9.3;
2,DE,2014,6.7;
2,DK,2014,12.8;
2,EE,2014,6.0;
2,EL,2014,7.1;
2,ES,2014,9.4;
2,EU28,2014,8.6;
2,FI,2014,9.3;
2,FR,2014,10.7;
2,HR,2014,5.8;
2,HU,2014,6.1;
2,IE,2014,12.3;
2,IS,2014,15.1;
2,IT,2014,7.3;
2,LT,2014,6.1;
2,LU,2014,10.8;
2,LV,2014,4.6;
2,MT,2014,13.7;
2,NL,2014,10.2;
2,NO,2014,15.9;
2,PL,2014,8.1;
2,PT,2014,5.6;
2,RO,2014,5.7;
2,SE,2014,16.7;
2,SI,2014,8.6;
2,SK,2014,3.6;
2,UK,2014,10.6;
3,AT,2014,8.4;
3,BE,2014,11.0;
3,BG,2014,8.7;
3,CH,2014,10.6;
3,CY,2014,10.4;
3,CZ,2014,8.5;
3,DE,2014,6.8;
3,DK,2014,11.0;
3,EE,2014,4.9;
3,EL,2014,7.7;
3,ES,2014,10.1;
3,EU28,2014,8.6;
3,FI,2014,8.8;
3,FR,2014,10.4;
3,HR,2014,6.0;
3,HU,2014,6.0;
3,IE,2014,11.4;
3,IS,2014,15.4;
3,IT,2014,7.8;
3,LT,2014,6.1;
3,LU,2014,11.3;
3,LV,2014,4.0;
3,MT,2014,13.3;
3,NL,2014,10.7;
3,NO,2014,15.3;
3,PL,2014,7.5;
3,PT,2014,6.9;
3,RO,2014,5.9;
3,SE,2014,15.2;
3,SI,2014,7.8;
3,SK,2014,4.3;
3,UK,2014,9.7;
4,AT,2015,337286.2;
4,BE,2015,409407.0;
4,BG,2015,44162.3;
4,CY,2015,17420.6;
4,CZ,2015,163947.5;
4,DE,2015,3025900.0;
4,DK,2015,266244.5;
4,EA,2015,10406506.2;
4,EA12,2015,10181712.8;
4,EA18,2015,10369382.6;
4,EA19,2015,10406506.2;
4,EE,2015,20460.9;
4,EL,2015,176022.7;
4,ES,2015,1081190.0;
4,EU15,2015,13461515.6;
4,EU28,2015,14635153.9;
4,FI,2015,207220.0;
4,FR,2015,2181064.0;
4,HR,2015,43897.0;
4,HU,2015,108747.9;
4,IE,2015,214623.0;
4,IS,2015,15075.0;
4,IT,2015,1636371.7;
4,LT,2015,37123.6;
4,LU,2015,52112.5;
4,LV,2015,24377.7;
4,MK,2015,9091.7;
4,MT,2015,8805.7;
4,NL,2015,676531.0;
4,NO,2015,349896.8;
4,PL,2015,427737.4;
4,PT,2015,179369.1;
4,RO,2015,160352.8;
4,RS,2015,32907.7;
4,SE,2015,444617.3;
4,SI,2015,38543.2;
4,SK,2015,78070.8;
4,UK,2015,2568940.8;
5,BG,2013,3.2;
5,CZ,2013,0.8;
5,DK,2013,0.8;
5,EA,2013,0.5;
5,LT,2013,0.9;
5,LV,2013,0.9;
5,PL,2013,3.0;
5,RO,2013,4.3;
5,SE,2013,1.6;
5,UK,2013,0.9;
6,BG,2014,1.4;
6,CZ,2014,0.4;
6,DK,2014,0.5;
6,EA,2014,0.3;
6,HR,2014,1.3;
6,HU,2014,3.0;
6,LT,2014,0.4;
6,PL,2014,2.6;
6,RO,2014,2.5;
6,SE,2014,0.7;
6,UK,2014,0.7;
7,BG,2014,0.8;
7,CZ,2014,0.4;
7,DK,2014,0.3;
7,EA,2014,0.2;
7,HR,2014,1.0;
7,HU,2014,2.5;
7,JP,2014,0.1;
7,PL,2014,2.6;
7,RO,2014,2.3;
7,SE,2014,0.7;
7,UK,2014,0.5;
7,US,2014,0.2;
8,BG,2014,0.8;
8,CZ,2014,0.4;
8,DK,2014,0.3;
8,EA,2014,0.2;
8,HR,2014,1.0;
8,HU,2014,2.5;
8,JP,2014,0.1;
8,PL,2014,2.6;
8,RO,2014,2.3;
8,SE,2014,0.7;
8,UK,2014,0.5;
8,US,2014,0.2;
9,BG,2014,0.8;
9,CZ,2014,0.4;
9,DK,2014,0.3;
9,EA,2014,0.2;
9,HR,2014,1.0;
9,HU,2014,2.5;
9,JP,2014,0.1;
9,PL,2014,2.6;
9,RO,2014,2.3;
9,SE,2014,0.7;
9,UK,2014,0.5;
9,US,2014,0.2;
10,BG,2014,0.8;
10,CZ,2014,0.4;
10,DK,2014,0.3;
10,EA,2014,0.2;
10,HR,2014,1.0;
10,HU,2014,2.5;
10,JP,2014,0.1;
10,PL,2014,2.6;
10,RO,2014,2.3;
10,SE,2014,0.7;
10,UK,2014,0.5;
10,US,2014,0.2;
11,BG,2014,0.8;
11,CZ,2014,0.4;
11,DK,2014,0.3;
11,EA,2014,0.2;
11,HR,2014,1.0;
11,HU,2014,2.5;
11,JP,2014,0.1;
11,PL,2014,2.6;
11,RO,2014,2.3;
11,SE,2014,0.7;
11,UK,2014,0.5;
11,US,2014,0.2;
12,BG,2014,0.8;
12,CZ,2014,0.4;
12,DK,2014,0.3;
12,EA,2014,0.2;
12,HR,2014,1.0;
12,HU,2014,2.5;
12,JP,2014,0.1;
12,PL,2014,2.6;
12,RO,2014,2.3;
12,SE,2014,0.7;
12,UK,2014,0.5;
12,US,2014,0.2;
13,BG,2014,0.8;
13,CZ,2014,0.4;
13,DK,2014,0.3;
13,EA,2014,0.2;
13,HR,2014,1.0;
13,HU,2014,2.5;
13,JP,2014,0.1;
13,PL,2014,2.6;
13,RO,2014,2.3;
13,SE,2014,0.7;
13,UK,2014,0.5;
13,US,2014,0.2;
14,BG,2014,0.8;
14,CZ,2014,0.4;
14,DK,2014,0.3;
14,EA,2014,0.2;
14,HR,2014,1.0;
14,HU,2014,2.5;
14,JP,2014,0.1;
14,PL,2014,2.6;
14,RO,2014,2.3;
14,SE,2014,0.7;
14,UK,2014,0.5;
14,US,2014,0.2;
15,BG,2014,0.8;
15,CZ,2014,0.4;
15,DK,2014,0.3;
15,EA,2014,0.2;
15,HR,2014,1.0;
15,HU,2014,2.5;
15,JP,2014,0.1;
15,PL,2014,2.6;
15,RO,2014,2.3;
15,SE,2014,0.7;
15,UK,2014,0.5;
15,US,2014,0.2;
16,BG,2014,0.8;
16,CZ,2014,0.4;
16,DK,2014,0.3;
16,EA,2014,0.2;
16,HR,2014,1.0;
16,HU,2014,2.5;
16,JP,2014,0.1;
16,PL,2014,2.6;
16,RO,2014,2.3;
16,SE,2014,0.7;
16,UK,2014,0.5;
16,US,2014,0.2;
17,BG,2014,0.8;
17,CZ,2014,0.4;
17,DK,2014,0.3;
17,EA,2014,0.2;
17,HR,2014,1.0;
17,HU,2014,2.5;
17,JP,2014,0.1;
17,PL,2014,2.6;
17,RO,2014,2.3;
17,SE,2014,0.7;
17,UK,2014,0.5;
17,US,2014,0.2;
18,BG,2014,0.8;
18,CZ,2014,0.4;
18,DK,2014,0.3;
18,EA,2014,0.2;
18,HR,2014,1.0;
18,HU,2014,2.5;
18,JP,2014,0.1;
18,PL,2014,2.6;
18,RO,2014,2.3;
18,SE,2014,0.7;
18,UK,2014,0.5;
18,US,2014,0.2;
19,BG,2014,0.8;
19,CZ,2014,0.4;
19,DK,2014,0.3;
19,EA,2014,0.2;
19,HR,2014,1.0;
19,HU,2014,2.5;
19,JP,2014,0.1;
19,PL,2014,2.6;
19,RO,2014,2.3;
19,SE,2014,0.7;
19,UK,2014,0.5;
19,US,2014,0.2;
20,BG,2014,0.8;
20,CZ,2014,0.4;
20,DK,2014,0.3;
20,EA,2014,0.2;
20,HR,2014,1.0;
20,HU,2014,2.5;
20,JP,2014,0.1;
20,PL,2014,2.6;
20,RO,2014,2.3;
20,SE,2014,0.7;
20,UK,2014,0.5;
20,US,2014,0.2;
21,BG,2014,0.8;
21,CZ,2014,0.4;
21,DK,2014,0.3;
21,EA,2014,0.2;
21,HR,2014,1.0;
21,HU,2014,2.5;
21,JP,2014,0.1;
21,PL,2014,2.6;
21,RO,2014,2.3;
21,SE,2014,0.7;
21,UK,2014,0.5;
21,US,2014,0.2;
22,BG,2014,0.8;
22,CZ,2014,0.4;
22,DK,2014,0.3;
22,EA,2014,0.2;
22,HR,2014,1.0;
22,HU,2014,2.5;
22,JP,2014,0.1;
22,PL,2014,2.6;
22,RO,2014,2.3;
22,SE,2014,0.7;
22,UK,2014,0.5;
22,US,2014,0.2;
23,BG,2014,0.8;
23,CZ,2014,0.4;
23,DK,2014,0.3;
23,EA,2014,0.2;
23,HR,2014,1.0;
23,HU,2014,2.5;
23,JP,2014,0.1;
23,PL,2014,2.6;
23,RO,2014,2.3;
23,SE,2014,0.7;
23,UK,2014,0.5;
23,US,2014,0.2;
24,BG,2014,0.8;
24,CZ,2014,0.4;
24,DK,2014,0.3;
24,EA,2014,0.2;
24,HR,2014,1.0;
24,HU,2014,2.5;
24,JP,2014,0.1;
24,PL,2014,2.6;
24,RO,2014,2.3;
24,SE,2014,0.7;
24,UK,2014,0.5;
24,US,2014,0.2;
25,BG,2014,0.8;
25,CZ,2014,0.4;
25,DK,2014,0.3;
25,EA,2014,0.2;
25,HR,2014,1.0;
25,HU,2014,2.5;
25,JP,2014,0.1;
25,PL,2014,2.6;
25,RO,2014,2.3;
25,SE,2014,0.7;
25,UK,2014,0.5;
25,US,2014,0.2;
26,BG,2014,0.8;
26,CZ,2014,0.4;
26,DK,2014,0.3;
26,EA,2014,0.2;
26,HR,2014,1.0;
26,HU,2014,2.5;
26,JP,2014,0.1;
26,PL,2014,2.6;
26,RO,2014,2.3;
26,SE,2014,0.7;
26,UK,2014,0.5;
26,US,2014,0.2;
27,BG,2014,0.8;
27,CZ,2014,0.4;
27,DK,2014,0.3;
27,EA,2014,0.2;
27,HR,2014,1.0;
27,HU,2014,2.5;
27,JP,2014,0.1;
27,PL,2014,2.6;
27,RO,2014,2.3;
27,SE,2014,0.7;
27,UK,2014,0.5;
27,US,2014,0.2;
28,BG,2014,0.8;
28,CZ,2014,0.4;
28,DK,2014,0.3;
28,EA,2014,0.2;
28,HR,2014,1.0;
28,HU,2014,2.5;
28,JP,2014,0.1;
28,PL,2014,2.6;
28,RO,2014,2.3;
28,SE,2014,0.7;
28,UK,2014,0.5;
28,US,2014,0.2;
29,BG,2014,0.8;
29,CZ,2014,0.4;
29,DK,2014,0.3;
29,EA,2014,0.2;
29,HR,2014,1.0;
29,HU,2014,2.5;
29,JP,2014,0.1;
29,PL,2014,2.6;
29,RO,2014,2.3;
29,SE,2014,0.7;
29,UK,2014,0.5;
29,US,2014,0.2;
30,BG,2014,0.8;
30,CZ,2014,0.4;
30,DK,2014,0.3;
30,EA,2014,0.2;
30,HR,2014,1.0;
30,HU,2014,2.5;
30,JP,2014,0.1;
30,PL,2014,2.6;
30,RO,2014,2.3;
30,SE,2014,0.7;
30,UK,2014,0.5;
30,US,2014,0.2;
31,AL,2015,2893005;
31,AT,2015,8576261;
31,BE,2015,11258434;
31,BG,2015,7202198;
31,CH,2015,8237666;
31,CY,2015,847008;
31,CZ,2015,10538275;
31,DE,2015,81197537;
31,DE_TOT,2015,81197537;
31,DK,2015,5659715;
31,EA18,2015,335549738;
31,EA19,2015,338471000;
31,EE,2015,1313271;
31,EEA30,2015,509758499;
31,EEA31,2015,513983815;
31,EFTA,2015,13770625;
31,EL,2015,10858018;
31,ES,2015,46449565;
31,EU27,2015,504225540;
31,EU28,2015,508450856;
31,FI,2015,5471753;
31,FR,2015,66415161;
31,HR,2015,4225316;
31,HU,2015,9855571;
31,IE,2015,4628949;
31,IS,2015,329100;
31,IT,2015,60795612;
31,LI,2015,37366;
31,LT,2015,2921262;
31,LU,2015,562958;
31,LV,2015,1986096;
31,ME,2015,622099;
31,MK,2015,2069172;
31,MT,2015,429344;
31,NL,2015,16900726;
31,NO,2015,5166493;
31,PL,2015,38005614;
31,PT,2015,10374822;
31,RO,2015,19870647;
31,RS,2015,7114393;
31,SE,2015,9747355;
31,SI,2015,2062874;
31,SK,2015,5421349;
31,TR,2015,77695904;
31,UK,2015,64875165;
32,AL,2015,2893005;
32,AT,2015,8576261;
32,BE,2015,11258434;
32,BG,2015,7202198;
32,CH,2015,8237666;
32,CY,2015,847008;
32,CZ,2015,10538275;
32,DE,2015,81197537;
32,DE_TOT,2015,81197537;
32,DK,2015,5659715;
32,EA18,2015,335549738;
32,EA19,2015,338471000;
32,EE,2015,1313271;
32,EEA30,2015,509758499;
32,EEA31,2015,513983815;
32,EFTA,2015,13770625;
32,EL,2015,10858018;
32,ES,2015,46449565;
32,EU27,2015,504225540;
32,EU28,2015,508450856;
32,FI,2015,5471753;
32,FR,2015,66415161;
32,HR,2015,4225316;
32,HU,2015,9855571;
32,IE,2015,4628949;
32,IS,2015,329100;
32,IT,2015,60795612;
32,LI,2015,37366;
32,LT,2015,2921262;
32,LU,2015,562958;
32,LV,2015,1986096;
32,ME,2015,622099;
32,MK,2015,2069172;
32,MT,2015,429344;
32,NL,2015,16900726;
32,NO,2015,5166493;
32,PL,2015,38005614;
32,PT,2015,10374822;
32,RO,2015,19870647;
32,RS,2015,7114393;
32,SE,2015,9747355;
32,SI,2015,2062874;
32,SK,2015,5421349;
32,TR,2015,77695904;
32,UK,2015,64875165;
33,AL,2015,2893005;
33,AT,2015,8576261;
33,BE,2015,11258434;
33,BG,2015,7202198;
33,CH,2015,8237666;
33,CY,2015,847008;
33,CZ,2015,10538275;
33,DE,2015,81197537;
33,DE_TOT,2015,81197537;
33,DK,2015,5659715;
33,EA18,2015,335549738;
33,EA19,2015,338471000;
33,EE,2015,1313271;
33,EEA30,2015,509758499;
33,EEA31,2015,513983815;
33,EFTA,2015,13770625;
33,EL,2015,10858018;
33,ES,2015,46449565;
33,EU27,2015,504225540;
33,EU28,2015,508450856;
33,FI,2015,5471753;
33,FR,2015,66415161;
33,HR,2015,4225316;
33,HU,2015,9855571;
33,IE,2015,4628949;
33,IS,2015,329100;
33,IT,2015,60795612;
33,LI,2015,37366;
33,LT,2015,2921262;
33,LU,2015,562958;
33,LV,2015,1986096;
33,ME,2015,622099;
33,MK,2015,2069172;
33,MT,2015,429344;
33,NL,2015,16900726;
33,NO,2015,5166493;
33,PL,2015,38005614;
33,PT,2015,10374822;
33,RO,2015,19870647;
33,RS,2015,7114393;
33,SE,2015,9747355;
33,SI,2015,2062874;
33,SK,2015,5421349;
33,TR,2015,77695904;
33,UK,2015,64875165;
34,AL,2015,2893005;
34,AT,2015,8576261;
34,BE,2015,11258434;
34,BG,2015,7202198;
34,CH,2015,8237666;
34,CY,2015,847008;
34,CZ,2015,10538275;
34,DE,2015,81197537;
34,DE_TOT,2015,81197537;
34,DK,2015,5659715;
34,EA18,2015,335549738;
34,EA19,2015,338471000;
34,EE,2015,1313271;
34,EEA30,2015,509758499;
34,EEA31,2015,513983815;
34,EFTA,2015,13770625;
34,EL,2015,10858018;
34,ES,2015,46449565;
34,EU27,2015,504225540;
34,EU28,2015,508450856;
34,FI,2015,5471753;
34,FR,2015,66415161;
34,HR,2015,4225316;
34,HU,2015,9855571;
34,IE,2015,4628949;
34,IS,2015,329100;
34,IT,2015,60795612;
34,LI,2015,37366;
34,LT,2015,2921262;
34,LU,2015,562958;
34,LV,2015,1986096;
34,ME,2015,622099;
34,MK,2015,2069172;
34,MT,2015,429344;
34,NL,2015,16900726;
34,NO,2015,5166493;
34,PL,2015,38005614;
34,PT,2015,10374822;
34,RO,2015,19870647;
34,RS,2015,7114393;
34,SE,2015,9747355;
34,SI,2015,2062874;
34,SK,2015,5421349;
34,TR,2015,77695904;
34,UK,2015,64875165;
35,AL,2015,2893005;
35,AT,2015,8576261;
35,BE,2015,11258434;
35,BG,2015,7202198;
35,CH,2015,8237666;
35,CY,2015,847008;
35,CZ,2015,10538275;
35,DE,2015,81197537;
35,DE_TOT,2015,81197537;
35,DK,2015,5659715;
35,EA18,2015,335549738;
35,EA19,2015,338471000;
35,EE,2015,1313271;
35,EEA30,2015,509758499;
35,EEA31,2015,513983815;
35,EFTA,2015,13770625;
35,EL,2015,10858018;
35,ES,2015,46449565;
35,EU27,2015,504225540;
35,EU28,2015,508450856;
35,FI,2015,5471753;
35,FR,2015,66415161;
35,HR,2015,4225316;
35,HU,2015,9855571;
35,IE,2015,4628949;
35,IS,2015,329100;
35,IT,2015,60795612;
35,LI,2015,37366;
35,LT,2015,2921262;
35,LU,2015,562958;
35,LV,2015,1986096;
35,ME,2015,622099;
35,MK,2015,2069172;
35,MT,2015,429344;
35,NL,2015,16900726;
35,NO,2015,5166493;
35,PL,2015,38005614;
35,PT,2015,10374822;
35,RO,2015,19870647;
35,RS,2015,7114393;
35,SE,2015,9747355;
35,SI,2015,2062874;
35,SK,2015,5421349;
35,TR,2015,77695904;
35,UK,2015,64875165;
36,AL,2015,2893005;
36,AT,2015,8576261;
36,BE,2015,11258434;
36,BG,2015,7202198;
36,CH,2015,8237666;
36,CY,2015,847008;
36,CZ,2015,10538275;
36,DE,2015,81197537;
36,DE_TOT,2015,81197537;
36,DK,2015,5659715;
36,EA18,2015,335549738;
36,EA19,2015,338471000;
36,EE,2015,1313271;
36,EEA30,2015,509758499;
36,EEA31,2015,513983815;
36,EFTA,2015,13770625;
36,EL,2015,10858018;
36,ES,2015,46449565;
36,EU27,2015,504225540;
36,EU28,2015,508450856;
36,FI,2015,5471753;
36,FR,2015,66415161;
36,HR,2015,4225316;
36,HU,2015,9855571;
36,IE,2015,4628949;
36,IS,2015,329100;
36,IT,2015,60795612;
36,LI,2015,37366;
36,LT,2015,2921262;
36,LU,2015,562958;
36,LV,2015,1986096;
36,ME,2015,622099;
36,MK,2015,2069172;
36,MT,2015,429344;
36,NL,2015,16900726;
36,NO,2015,5166493;
36,PL,2015,38005614;
36,PT,2015,10374822;
36,RO,2015,19870647;
36,RS,2015,7114393;
36,SE,2015,9747355;
36,SI,2015,2062874;
36,SK,2015,5421349;
36,TR,2015,77695904;
36,UK,2015,64875165;
37,AL,2015,2893005;
37,AT,2015,8576261;
37,BE,2015,11258434;
37,BG,2015,7202198;
37,CH,2015,8237666;
37,CY,2015,847008;
37,CZ,2015,10538275;
37,DE,2015,81197537;
37,DE_TOT,2015,81197537;
37,DK,2015,5659715;
37,EA18,2015,335549738;
37,EA19,2015,338471000;
37,EE,2015,1313271;
37,EEA30,2015,509758499;
37,EEA31,2015,513983815;
37,EFTA,2015,13770625;
37,EL,2015,10858018;
37,ES,2015,46449565;
37,EU27,2015,504225540;
37,EU28,2015,508450856;
37,FI,2015,5471753;
37,FR,2015,66415161;
37,HR,2015,4225316;
37,HU,2015,9855571;
37,IE,2015,4628949;
37,IS,2015,329100;
37,IT,2015,60795612;
37,LI,2015,37366;
37,LT,2015,2921262;
37,LU,2015,562958;
37,LV,2015,1986096;
37,ME,2015,622099;
37,MK,2015,2069172;
37,MT,2015,429344;
37,NL,2015,16900726;
37,NO,2015,5166493;
37,PL,2015,38005614;
37,PT,2015,10374822;
37,RO,2015,19870647;
37,RS,2015,7114393;
37,SE,2015,9747355;
37,SI,2015,2062874;
37,SK,2015,5421349;
37,TR,2015,77695904;
37,UK,2015,64875165;
39,AL,2015,2893005;
39,AT,2015,8576261;
39,BE,2015,11258434;
39,BG,2015,7202198;
39,CH,2015,8237666;
39,CY,2015,847008;
39,CZ,2015,10538275;
39,DE,2015,81197537;
39,DE_TOT,2015,81197537;
39,DK,2015,5659715;
39,EA18,2015,335549738;
39,EA19,2015,338471000;
39,EE,2015,1313271;
39,EEA30,2015,509758499;
39,EEA31,2015,513983815;
39,EFTA,2015,13770625;
39,EL,2015,10858018;
39,ES,2015,46449565;
39,EU27,2015,504225540;
39,EU28,2015,508450856;
39,FI,2015,5471753;
39,FR,2015,66415161;
39,HR,2015,4225316;
39,HU,2015,9855571;
39,IE,2015,4628949;
39,IS,2015,329100;
39,IT,2015,60795612;
39,LI,2015,37366;
39,LT,2015,2921262;
39,LU,2015,562958;
39,LV,2015,1986096;
39,ME,2015,622099;
39,MK,2015,2069172;
39,MT,2015,429344;
39,NL,2015,16900726;
39,NO,2015,5166493;
39,PL,2015,38005614;
39,PT,2015,10374822;
39,RO,2015,19870647;
39,RS,2015,7114393;
39,SE,2015,9747355;
39,SI,2015,2062874;
39,SK,2015,5421349;
39,TR,2015,77695904;
39,UK,2015,64875165;
40,AL,2015,2893005;
40,AT,2015,8576261;
40,BE,2015,11258434;
40,BG,2015,7202198;
40,CH,2015,8237666;
40,CY,2015,847008;
40,CZ,2015,10538275;
40,DE,2015,81197537;
40,DE_TOT,2015,81197537;
40,DK,2015,5659715;
40,EA18,2015,335549738;
40,EA19,2015,338471000;
40,EE,2015,1313271;
40,EEA30,2015,509758499;
40,EEA31,2015,513983815;
40,EFTA,2015,13770625;
40,EL,2015,10858018;
40,ES,2015,46449565;
40,EU27,2015,504225540;
40,EU28,2015,508450856;
40,FI,2015,5471753;
40,FR,2015,66415161;
40,HR,2015,4225316;
40,HU,2015,9855571;
40,IE,2015,4628949;
40,IS,2015,329100;
40,IT,2015,60795612;
40,LI,2015,37366;
40,LT,2015,2921262;
40,LU,2015,562958;
40,LV,2015,1986096;
40,ME,2015,622099;
40,MK,2015,2069172;
40,MT,2015,429344;
40,NL,2015,16900726;
40,NO,2015,5166493;
40,PL,2015,38005614;
40,PT,2015,10374822;
40,RO,2015,19870647;
40,RS,2015,7114393;
40,SE,2015,9747355;
40,SI,2015,2062874;
40,SK,2015,5421349;
40,TR,2015,77695904;
40,UK,2015,64875165;
41,AL,2015,2893005;
41,AT,2015,8576261;
41,BE,2015,11258434;
41,BG,2015,7202198;
41,CH,2015,8237666;
41,CY,2015,847008;
41,CZ,2015,10538275;
41,DE,2015,81197537;
41,DE_TOT,2015,81197537;
41,DK,2015,5659715;
41,EA18,2015,335549738;
41,EA19,2015,338471000;
41,EE,2015,1313271;
41,EEA30,2015,509758499;
41,EEA31,2015,513983815;
41,EFTA,2015,13770625;
41,EL,2015,10858018;
41,ES,2015,46449565;
41,EU27,2015,504225540;
41,EU28,2015,508450856;
41,FI,2015,5471753;
41,FR,2015,66415161;
41,HR,2015,4225316;
41,HU,2015,9855571;
41,IE,2015,4628949;
41,IS,2015,329100;
41,IT,2015,60795612;
41,LI,2015,37366;
41,LT,2015,2921262;
41,LU,2015,562958;
41,LV,2015,1986096;
41,ME,2015,622099;
41,MK,2015,2069172;
41,MT,2015,429344;
41,NL,2015,16900726;
41,NO,2015,5166493;
41,PL,2015,38005614;
41,PT,2015,10374822;
41,RO,2015,19870647;
41,RS,2015,7114393;
41,SE,2015,9747355;
41,SI,2015,2062874;
41,SK,2015,5421349;
41,TR,2015,77695904;
41,UK,2015,64875165;
42,AL,2015,2893005;
42,AT,2015,8576261;
42,BE,2015,11258434;
42,BG,2015,7202198;
42,CH,2015,8237666;
42,CY,2015,847008;
42,CZ,2015,10538275;
42,DE,2015,81197537;
42,DE_TOT,2015,81197537;
42,DK,2015,5659715;
42,EA18,2015,335549738;
42,EA19,2015,338471000;
42,EE,2015,1313271;
42,EEA30,2015,509758499;
42,EEA31,2015,513983815;
42,EFTA,2015,13770625;
42,EL,2015,10858018;
42,ES,2015,46449565;
42,EU27,2015,504225540;
42,EU28,2015,508450856;
42,FI,2015,5471753;
42,FR,2015,66415161;
42,HR,2015,4225316;
42,HU,2015,9855571;
42,IE,2015,4628949;
42,IS,2015,329100;
42,IT,2015,60795612;
42,LI,2015,37366;
42,LT,2015,2921262;
42,LU,2015,562958;
42,LV,2015,1986096;
42,ME,2015,622099;
42,MK,2015,2069172;
42,MT,2015,429344;
42,NL,2015,16900726;
42,NO,2015,5166493;
42,PL,2015,38005614;
42,PT,2015,10374822;
42,RO,2015,19870647;
42,RS,2015,7114393;
42,SE,2015,9747355;
42,SI,2015,2062874;
42,SK,2015,5421349;
42,TR,2015,77695904;
42,UK,2015,64875165;
43,AL,2015,2893005;
43,AT,2015,8576261;
43,BE,2015,11258434;
43,BG,2015,7202198;
43,CH,2015,8237666;
43,CY,2015,847008;
43,CZ,2015,10538275;
43,DE,2015,81197537;
43,DE_TOT,2015,81197537;
43,DK,2015,5659715;
43,EA18,2015,335549738;
43,EA19,2015,338471000;
43,EE,2015,1313271;
43,EEA30,2015,509758499;
43,EEA31,2015,513983815;
43,EFTA,2015,13770625;
43,EL,2015,10858018;
43,ES,2015,46449565;
43,EU27,2015,504225540;
43,EU28,2015,508450856;
43,FI,2015,5471753;
43,FR,2015,66415161;
43,HR,2015,4225316;
43,HU,2015,9855571;
43,IE,2015,4628949;
43,IS,2015,329100;
43,IT,2015,60795612;
43,LI,2015,37366;
43,LT,2015,2921262;
43,LU,2015,562958;
43,LV,2015,1986096;
43,ME,2015,622099;
43,MK,2015,2069172;
43,MT,2015,429344;
43,NL,2015,16900726;
43,NO,2015,5166493;
43,PL,2015,38005614;
43,PT,2015,10374822;
43,RO,2015,19870647;
43,RS,2015,7114393;
43,SE,2015,9747355;
43,SI,2015,2062874;
43,SK,2015,5421349;
43,TR,2015,77695904;
43,UK,2015,64875165;
44,AL,2015,2893005;
44,AT,2015,8576261;
44,BE,2015,11258434;
44,BG,2015,7202198;
44,CH,2015,8237666;
44,CY,2015,847008;
44,CZ,2015,10538275;
44,DE,2015,81197537;
44,DE_TOT,2015,81197537;
44,DK,2015,5659715;
44,EA18,2015,335549738;
44,EA19,2015,338471000;
44,EE,2015,1313271;
44,EEA30,2015,509758499;
44,EEA31,2015,513983815;
44,EFTA,2015,13770625;
44,EL,2015,10858018;
44,ES,2015,46449565;
44,EU27,2015,504225540;
44,EU28,2015,508450856;
44,FI,2015,5471753;
44,FR,2015,66415161;
44,HR,2015,4225316;
44,HU,2015,9855571;
44,IE,2015,4628949;
44,IS,2015,329100;
44,IT,2015,60795612;
44,LI,2015,37366;
44,LT,2015,2921262;
44,LU,2015,562958;
44,LV,2015,1986096;
44,ME,2015,622099;
44,MK,2015,2069172;
44,MT,2015,429344;
44,NL,2015,16900726;
44,NO,2015,5166493;
44,PL,2015,38005614;
44,PT,2015,10374822;
44,RO,2015,19870647;
44,RS,2015,7114393;
44,SE,2015,9747355;
44,SI,2015,2062874;
44,SK,2015,5421349;
44,TR,2015,77695904;
44,UK,2015,64875165;
45,AL,2015,2893005;
45,AT,2015,8576261;
45,BE,2015,11258434;
45,BG,2015,7202198;
45,CH,2015,8237666;
45,CY,2015,847008;
45,CZ,2015,10538275;
45,DE,2015,81197537;
45,DE_TOT,2015,81197537;
45,DK,2015,5659715;
45,EA18,2015,335549738;
45,EA19,2015,338471000;
45,EE,2015,1313271;
45,EEA30,2015,509758499;
45,EEA31,2015,513983815;
45,EFTA,2015,13770625;
45,EL,2015,10858018;
45,ES,2015,46449565;
45,EU27,2015,504225540;
45,EU28,2015,508450856;
45,FI,2015,5471753;
45,FR,2015,66415161;
45,HR,2015,4225316;
45,HU,2015,9855571;
45,IE,2015,4628949;
45,IS,2015,329100;
45,IT,2015,60795612;
45,LI,2015,37366;
45,LT,2015,2921262;
45,LU,2015,562958;
45,LV,2015,1986096;
45,ME,2015,622099;
45,MK,2015,2069172;
45,MT,2015,429344;
45,NL,2015,16900726;
45,NO,2015,5166493;
45,PL,2015,38005614;
45,PT,2015,10374822;
45,RO,2015,19870647;
45,RS,2015,7114393;
45,SE,2015,9747355;
45,SI,2015,2062874;
45,SK,2015,5421349;
45,TR,2015,77695904;
45,UK,2015,64875165;
46,AL,2015,2893005;
46,AT,2015,8576261;
46,BE,2015,11258434;
46,BG,2015,7202198;
46,CH,2015,8237666;
46,CY,2015,847008;
46,CZ,2015,10538275;
46,DE,2015,81197537;
46,DE_TOT,2015,81197537;
46,DK,2015,5659715;
46,EA18,2015,335549738;
46,EA19,2015,338471000;
46,EE,2015,1313271;
46,EEA30,2015,509758499;
46,EEA31,2015,513983815;
46,EFTA,2015,13770625;
46,EL,2015,10858018;
46,ES,2015,46449565;
46,EU27,2015,504225540;
46,EU28,2015,508450856;
46,FI,2015,5471753;
46,FR,2015,66415161;
46,HR,2015,4225316;
46,HU,2015,9855571;
46,IE,2015,4628949;
46,IS,2015,329100;
46,IT,2015,60795612;
46,LI,2015,37366;
46,LT,2015,2921262;
46,LU,2015,562958;
46,LV,2015,1986096;
46,ME,2015,622099;
46,MK,2015,2069172;
46,MT,2015,429344;
46,NL,2015,16900726;
46,NO,2015,5166493;
46,PL,2015,38005614;
46,PT,2015,10374822;
46,RO,2015,19870647;
46,RS,2015,7114393;
46,SE,2015,9747355;
46,SI,2015,2062874;
46,SK,2015,5421349;
46,TR,2015,77695904;
46,UK,2015,64875165;
47,AL,2015,2893005;
47,AT,2015,8576261;
47,BE,2015,11258434;
47,BG,2015,7202198;
47,CH,2015,8237666;
47,CY,2015,847008;
47,CZ,2015,10538275;
47,DE,2015,81197537;
47,DE_TOT,2015,81197537;
47,DK,2015,5659715;
47,EA18,2015,335549738;
47,EA19,2015,338471000;
47,EE,2015,1313271;
47,EEA30,2015,509758499;
47,EEA31,2015,513983815;
47,EFTA,2015,13770625;
47,EL,2015,10858018;
47,ES,2015,46449565;
47,EU27,2015,504225540;
47,EU28,2015,508450856;
47,FI,2015,5471753;
47,FR,2015,66415161;
47,HR,2015,4225316;
47,HU,2015,9855571;
47,IE,2015,4628949;
47,IS,2015,329100;
47,IT,2015,60795612;
47,LI,2015,37366;
47,LT,2015,2921262;
47,LU,2015,562958;
47,LV,2015,1986096;
47,ME,2015,622099;
47,MK,2015,2069172;
47,MT,2015,429344;
47,NL,2015,16900726;
47,NO,2015,5166493;
47,PL,2015,38005614;
47,PT,2015,10374822;
47,RO,2015,19870647;
47,RS,2015,7114393;
47,SE,2015,9747355;
47,SI,2015,2062874;
47,SK,2015,5421349;
47,TR,2015,77695904;
47,UK,2015,64875165;
48,AL,2015,2893005;
48,AT,2015,8576261;
48,BE,2015,11258434;
48,BG,2015,7202198;
48,CH,2015,8237666;
48,CY,2015,847008;
48,CZ,2015,10538275;
48,DE,2015,81197537;
48,DE_TOT,2015,81197537;
48,DK,2015,5659715;
48,EA18,2015,335549738;
48,EA19,2015,338471000;
48,EE,2015,1313271;
48,EEA30,2015,509758499;
48,EEA31,2015,513983815;
48,EFTA,2015,13770625;
48,EL,2015,10858018;
48,ES,2015,46449565;
48,EU27,2015,504225540;
48,EU28,2015,508450856;
48,FI,2015,5471753;
48,FR,2015,66415161;
48,HR,2015,4225316;
48,HU,2015,9855571;
48,IE,2015,4628949;
48,IS,2015,329100;
48,IT,2015,60795612;
48,LI,2015,37366;
48,LT,2015,2921262;
48,LU,2015,562958;
48,LV,2015,1986096;
48,ME,2015,622099;
48,MK,2015,2069172;
48,MT,2015,429344;
48,NL,2015,16900726;
48,NO,2015,5166493;
48,PL,2015,38005614;
48,PT,2015,10374822;
48,RO,2015,19870647;
48,RS,2015,7114393;
48,SE,2015,9747355;
48,SI,2015,2062874;
48,SK,2015,5421349;
48,TR,2015,77695904;
48,UK,2015,64875165;
49,AL,2015,2893005;
49,AT,2015,8576261;
49,BE,2015,11258434;
49,BG,2015,7202198;
49,CH,2015,8237666;
49,CY,2015,847008;
49,CZ,2015,10538275;
49,DE,2015,81197537;
49,DE_TOT,2015,81197537;
49,DK,2015,5659715;
49,EA18,2015,335549738;
49,EA19,2015,338471000;
49,EE,2015,1313271;
49,EEA30,2015,509758499;
49,EEA31,2015,513983815;
49,EFTA,2015,13770625;
49,EL,2015,10858018;
49,ES,2015,46449565;
49,EU27,2015,504225540;
49,EU28,2015,508450856;
49,FI,2015,5471753;
49,FR,2015,66415161;
49,HR,2015,4225316;
49,HU,2015,9855571;
49,IE,2015,4628949;
49,IS,2015,329100;
49,IT,2015,60795612;
49,LI,2015,37366;
49,LT,2015,2921262;
49,LU,2015,562958;
49,LV,2015,1986096;
49,ME,2015,622099;
49,MK,2015,2069172;
49,MT,2015,429344;
49,NL,2015,16900726;
49,NO,2015,5166493;
49,PL,2015,38005614;
49,PT,2015,10374822;
49,RO,2015,19870647;
49,RS,2015,7114393;
49,SE,2015,9747355;
49,SI,2015,2062874;
49,SK,2015,5421349;
49,TR,2015,77695904;
49,UK,2015,64875165;
50,AL,2015,2893005;
50,AT,2015,8576261;
50,BE,2015,11258434;
50,BG,2015,7202198;
50,CH,2015,8237666;
50,CY,2015,847008;
50,CZ,2015,10538275;
50,DE,2015,81197537;
50,DE_TOT,2015,81197537;
50,DK,2015,5659715;
50,EA18,2015,335549738;
50,EA19,2015,338471000;
50,EE,2015,1313271;
50,EEA30,2015,509758499;
50,EEA31,2015,513983815;
50,EFTA,2015,13770625;
50,EL,2015,10858018;
50,ES,2015,46449565;
50,EU27,2015,504225540;
50,EU28,2015,508450856;
50,FI,2015,5471753;
50,FR,2015,66415161;
50,HR,2015,4225316;
50,HU,2015,9855571;
50,IE,2015,4628949;
50,IS,2015,329100;
50,IT,2015,60795612;
50,LI,2015,37366;
50,LT,2015,2921262;
50,LU,2015,562958;
50,LV,2015,1986096;
50,ME,2015,622099;
50,MK,2015,2069172;
50,MT,2015,429344;
50,NL,2015,16900726;
50,NO,2015,5166493;
50,PL,2015,38005614;
50,PT,2015,10374822;
50,RO,2015,19870647;
50,RS,2015,7114393;
50,SE,2015,9747355;
50,SI,2015,2062874;
50,SK,2015,5421349;
50,TR,2015,77695904;
50,UK,2015,64875165;
51,AL,2015,2893005;
51,AT,2015,8576261;
51,BE,2015,11258434;
51,BG,2015,7202198;
51,CH,2015,8237666;
51,CY,2015,847008;
51,CZ,2015,10538275;
51,DE,2015,81197537;
51,DE_TOT,2015,81197537;
51,DK,2015,5659715;
51,EA18,2015,335549738;
51,EA19,2015,338471000;
51,EE,2015,1313271;
51,EEA30,2015,509758499;
51,EEA31,2015,513983815;
51,EFTA,2015,13770625;
51,EL,2015,10858018;
51,ES,2015,46449565;
51,EU27,2015,504225540;
51,EU28,2015,508450856;
51,FI,2015,5471753;
51,FR,2015,66415161;
51,HR,2015,4225316;
51,HU,2015,9855571;
51,IE,2015,4628949;
51,IS,2015,329100;
51,IT,2015,60795612;
51,LI,2015,37366;
51,LT,2015,2921262;
51,LU,2015,562958;
51,LV,2015,1986096;
51,ME,2015,622099;
51,MK,2015,2069172;
51,MT,2015,429344;
51,NL,2015,16900726;
51,NO,2015,5166493;
51,PL,2015,38005614;
51,PT,2015,10374822;
51,RO,2015,19870647;
51,RS,2015,7114393;
51,SE,2015,9747355;
51,SI,2015,2062874;
51,SK,2015,5421349;
51,TR,2015,77695904;
51,UK,2015,64875165;
52,AL,2015,2893005;
52,AT,2015,8576261;
52,BE,2015,11258434;
52,BG,2015,7202198;
52,CH,2015,8237666;
52,CY,2015,847008;
52,CZ,2015,10538275;
52,DE,2015,81197537;
52,DE_TOT,2015,81197537;
52,DK,2015,5659715;
52,EA18,2015,335549738;
52,EA19,2015,338471000;
52,EE,2015,1313271;
52,EEA30,2015,509758499;
52,EEA31,2015,513983815;
52,EFTA,2015,13770625;
52,EL,2015,10858018;
52,ES,2015,46449565;
52,EU27,2015,504225540;
52,EU28,2015,508450856;
52,FI,2015,5471753;
52,FR,2015,66415161;
52,HR,2015,4225316;
52,HU,2015,9855571;
52,IE,2015,4628949;
52,IS,2015,329100;
52,IT,2015,60795612;
52,LI,2015,37366;
52,LT,2015,2921262;
52,LU,2015,562958;
52,LV,2015,1986096;
52,ME,2015,622099;
52,MK,2015,2069172;
52,MT,2015,429344;
52,NL,2015,16900726;
52,NO,2015,5166493;
52,PL,2015,38005614;
52,PT,2015,10374822;
52,RO,2015,19870647;
52,RS,2015,7114393;
52,SE,2015,9747355;
52,SI,2015,2062874;
52,SK,2015,5421349;
52,TR,2015,77695904;
52,UK,2015,64875165;
53,AL,2015,2893005;
53,AT,2015,8576261;
53,BE,2015,11258434;
53,BG,2015,7202198;
53,CH,2015,8237666;
53,CY,2015,847008;
53,CZ,2015,10538275;
53,DE,2015,81197537;
53,DE_TOT,2015,81197537;
53,DK,2015,5659715;
53,EA18,2015,335549738;
53,EA19,2015,338471000;
53,EE,2015,1313271;
53,EEA30,2015,509758499;
53,EEA31,2015,513983815;
53,EFTA,2015,13770625;
53,EL,2015,10858018;
53,ES,2015,46449565;
53,EU27,2015,504225540;
53,EU28,2015,508450856;
53,FI,2015,5471753;
53,FR,2015,66415161;
53,HR,2015,4225316;
53,HU,2015,9855571;
53,IE,2015,4628949;
53,IS,2015,329100;
53,IT,2015,60795612;
53,LI,2015,37366;
53,LT,2015,2921262;
53,LU,2015,562958;
53,LV,2015,1986096;
53,ME,2015,622099;
53,MK,2015,2069172;
53,MT,2015,429344;
53,NL,2015,16900726;
53,NO,2015,5166493;
53,PL,2015,38005614;
53,PT,2015,10374822;
53,RO,2015,19870647;
53,RS,2015,7114393;
53,SE,2015,9747355;
53,SI,2015,2062874;
53,SK,2015,5421349;
53,TR,2015,77695904;
53,UK,2015,64875165;
54,AL,2015,2893005;
54,AT,2015,8576261;
54,BE,2015,11258434;
54,BG,2015,7202198;
54,CH,2015,8237666;
54,CY,2015,847008;
54,CZ,2015,10538275;
54,DE,2015,81197537;
54,DE_TOT,2015,81197537;
54,DK,2015,5659715;
54,EA18,2015,335549738;
54,EA19,2015,338471000;
54,EE,2015,1313271;
54,EEA30,2015,509758499;
54,EEA31,2015,513983815;
54,EFTA,2015,13770625;
54,EL,2015,10858018;
54,ES,2015,46449565;
54,EU27,2015,504225540;
54,EU28,2015,508450856;
54,FI,2015,5471753;
54,FR,2015,66415161;
54,HR,2015,4225316;
54,HU,2015,9855571;
54,IE,2015,4628949;
54,IS,2015,329100;
54,IT,2015,60795612;
54,LI,2015,37366;
54,LT,2015,2921262;
54,LU,2015,562958;
54,LV,2015,1986096;
54,ME,2015,622099;
54,MK,2015,2069172;
54,MT,2015,429344;
54,NL,2015,16900726;
54,NO,2015,5166493;
54,PL,2015,38005614;
54,PT,2015,10374822;
54,RO,2015,19870647;
54,RS,2015,7114393;
54,SE,2015,9747355;
54,SI,2015,2062874;
54,SK,2015,5421349;
54,TR,2015,77695904;
54,UK,2015,64875165;
55,AL,2015,2893005;
55,AT,2015,8576261;
55,BE,2015,11258434;
55,BG,2015,7202198;
55,CH,2015,8237666;
55,CY,2015,847008;
55,CZ,2015,10538275;
55,DE,2015,81197537;
55,DE_TOT,2015,81197537;
55,DK,2015,5659715;
55,EA18,2015,335549738;
55,EA19,2015,338471000;
55,EE,2015,1313271;
55,EEA30,2015,509758499;
55,EEA31,2015,513983815;
55,EFTA,2015,13770625;
55,EL,2015,10858018;
55,ES,2015,46449565;
55,EU27,2015,504225540;
55,EU28,2015,508450856;
55,FI,2015,5471753;
55,FR,2015,66415161;
55,HR,2015,4225316;
55,HU,2015,9855571;
55,IE,2015,4628949;
55,IS,2015,329100;
55,IT,2015,60795612;
55,LI,2015,37366;
55,LT,2015,2921262;
55,LU,2015,562958;
55,LV,2015,1986096;
55,ME,2015,622099;
55,MK,2015,2069172;
55,MT,2015,429344;
55,NL,2015,16900726;
55,NO,2015,5166493;
55,PL,2015,38005614;
55,PT,2015,10374822;
55,RO,2015,19870647;
55,RS,2015,7114393;
55,SE,2015,9747355;
55,SI,2015,2062874;
55,SK,2015,5421349;
55,TR,2015,77695904;
55,UK,2015,64875165;
56,AL,2015,2893005;
56,AT,2015,8576261;
56,BE,2015,11258434;
56,BG,2015,7202198;
56,CH,2015,8237666;
56,CY,2015,847008;
56,CZ,2015,10538275;
56,DE,2015,81197537;
56,DE_TOT,2015,81197537;
56,DK,2015,5659715;
56,EA18,2015,335549738;
56,EA19,2015,338471000;
56,EE,2015,1313271;
56,EEA30,2015,509758499;
56,EEA31,2015,513983815;
56,EFTA,2015,13770625;
56,EL,2015,10858018;
56,ES,2015,46449565;
56,EU27,2015,504225540;
56,EU28,2015,508450856;
56,FI,2015,5471753;
56,FR,2015,66415161;
56,HR,2015,4225316;
56,HU,2015,9855571;
56,IE,2015,4628949;
56,IS,2015,329100;
56,IT,2015,60795612;
56,LI,2015,37366;
56,LT,2015,2921262;
56,LU,2015,562958;
56,LV,2015,1986096;
56,ME,2015,622099;
56,MK,2015,2069172;
56,MT,2015,429344;
56,NL,2015,16900726;
56,NO,2015,5166493;
56,PL,2015,38005614;
56,PT,2015,10374822;
56,RO,2015,19870647;
56,RS,2015,7114393;
56,SE,2015,9747355;
56,SI,2015,2062874;
56,SK,2015,5421349;
56,TR,2015,77695904;
56,UK,2015,64875165;
57,AL,2015,2893005;
57,AT,2015,8576261;
57,BE,2015,11258434;
57,BG,2015,7202198;
57,CH,2015,8237666;
57,CY,2015,847008;
57,CZ,2015,10538275;
57,DE,2015,81197537;
57,DE_TOT,2015,81197537;
57,DK,2015,5659715;
57,EA18,2015,335549738;
57,EA19,2015,338471000;
57,EE,2015,1313271;
57,EEA30,2015,509758499;
57,EEA31,2015,513983815;
57,EFTA,2015,13770625;
57,EL,2015,10858018;
57,ES,2015,46449565;
57,EU27,2015,504225540;
57,EU28,2015,508450856;
57,FI,2015,5471753;
57,FR,2015,66415161;
57,HR,2015,4225316;
57,HU,2015,9855571;
57,IE,2015,4628949;
57,IS,2015,329100;
57,IT,2015,60795612;
57,LI,2015,37366;
57,LT,2015,2921262;
57,LU,2015,562958;
57,LV,2015,1986096;
57,ME,2015,622099;
57,MK,2015,2069172;
57,MT,2015,429344;
57,NL,2015,16900726;
57,NO,2015,5166493;
57,PL,2015,38005614;
57,PT,2015,10374822;
57,RO,2015,19870647;
57,RS,2015,7114393;
57,SE,2015,9747355;
57,SI,2015,2062874;
57,SK,2015,5421349;
57,TR,2015,77695904;
57,UK,2015,64875165;
59,AL,2015,2893005;
59,AT,2015,8576261;
59,BE,2015,11258434;
59,BG,2015,7202198;
59,CH,2015,8237666;
59,CY,2015,847008;
59,CZ,2015,10538275;
59,DE,2015,81197537;
59,DE_TOT,2015,81197537;
59,DK,2015,5659715;
59,EA18,2015,335549738;
59,EA19,2015,338471000;
59,EE,2015,1313271;
59,EEA30,2015,509758499;
59,EEA31,2015,513983815;
59,EFTA,2015,13770625;
59,EL,2015,10858018;
59,ES,2015,46449565;
59,EU27,2015,504225540;
59,EU28,2015,508450856;
59,FI,2015,5471753;
59,FR,2015,66415161;
59,HR,2015,4225316;
59,HU,2015,9855571;
59,IE,2015,4628949;
59,IS,2015,329100;
59,IT,2015,60795612;
59,LI,2015,37366;
59,LT,2015,2921262;
59,LU,2015,562958;
59,LV,2015,1986096;
59,ME,2015,622099;
59,MK,2015,2069172;
59,MT,2015,429344;
59,NL,2015,16900726;
59,NO,2015,5166493;
59,PL,2015,38005614;
59,PT,2015,10374822;
59,RO,2015,19870647;
59,RS,2015,7114393;
59,SE,2015,9747355;
59,SI,2015,2062874;
59,SK,2015,5421349;
59,TR,2015,77695904;
59,UK,2015,64875165;
60,AL,2015,2893005;
60,AT,2015,8576261;
60,BE,2015,11258434;
60,BG,2015,7202198;
60,CH,2015,8237666;
60,CY,2015,847008;
60,CZ,2015,10538275;
60,DE,2015,81197537;
60,DE_TOT,2015,81197537;
60,DK,2015,5659715;
60,EA18,2015,335549738;
60,EA19,2015,338471000;
60,EE,2015,1313271;
60,EEA30,2015,509758499;
60,EEA31,2015,513983815;
60,EFTA,2015,13770625;
60,EL,2015,10858018;
60,ES,2015,46449565;
60,EU27,2015,504225540;
60,EU28,2015,508450856;
60,FI,2015,5471753;
60,FR,2015,66415161;
60,HR,2015,4225316;
60,HU,2015,9855571;
60,IE,2015,4628949;
60,IS,2015,329100;
60,IT,2015,60795612;
60,LI,2015,37366;
60,LT,2015,2921262;
60,LU,2015,562958;
60,LV,2015,1986096;
60,ME,2015,622099;
60,MK,2015,2069172;
60,MT,2015,429344;
60,NL,2015,16900726;
60,NO,2015,5166493;
60,PL,2015,38005614;
60,PT,2015,10374822;
60,RO,2015,19870647;
60,RS,2015,7114393;
60,SE,2015,9747355;
60,SI,2015,2062874;
60,SK,2015,5421349;
60,TR,2015,77695904;
60,UK,2015,64875165;
61,AL,2015,2893005;
61,AT,2015,8576261;
61,BE,2015,11258434;
61,BG,2015,7202198;
61,CH,2015,8237666;
61,CY,2015,847008;
61,CZ,2015,10538275;
61,DE,2015,81197537;
61,DE_TOT,2015,81197537;
61,DK,2015,5659715;
61,EA18,2015,335549738;
61,EA19,2015,338471000;
61,EE,2015,1313271;
61,EEA30,2015,509758499;
61,EEA31,2015,513983815;
61,EFTA,2015,13770625;
61,EL,2015,10858018;
61,ES,2015,46449565;
61,EU27,2015,504225540;
61,EU28,2015,508450856;
61,FI,2015,5471753;
61,FR,2015,66415161;
61,HR,2015,4225316;
61,HU,2015,9855571;
61,IE,2015,4628949;
61,IS,2015,329100;
61,IT,2015,60795612;
61,LI,2015,37366;
61,LT,2015,2921262;
61,LU,2015,562958;
61,LV,2015,1986096;
61,ME,2015,622099;
61,MK,2015,2069172;
61,MT,2015,429344;
61,NL,2015,16900726;
61,NO,2015,5166493;
61,PL,2015,38005614;
61,PT,2015,10374822;
61,RO,2015,19870647;
61,RS,2015,7114393;
61,SE,2015,9747355;
61,SI,2015,2062874;
61,SK,2015,5421349;
61,TR,2015,77695904;
61,UK,2015,64875165;
62,AL,2015,2893005;
62,AT,2015,8576261;
62,BE,2015,11258434;
62,BG,2015,7202198;
62,CH,2015,8237666;
62,CY,2015,847008;
62,CZ,2015,10538275;
62,DE,2015,81197537;
62,DE_TOT,2015,81197537;
62,DK,2015,5659715;
62,EA18,2015,335549738;
62,EA19,2015,338471000;
62,EE,2015,1313271;
62,EEA30,2015,509758499;
62,EEA31,2015,513983815;
62,EFTA,2015,13770625;
62,EL,2015,10858018;
62,ES,2015,46449565;
62,EU27,2015,504225540;
62,EU28,2015,508450856;
62,FI,2015,5471753;
62,FR,2015,66415161;
62,HR,2015,4225316;
62,HU,2015,9855571;
62,IE,2015,4628949;
62,IS,2015,329100;
62,IT,2015,60795612;
62,LI,2015,37366;
62,LT,2015,2921262;
62,LU,2015,562958;
62,LV,2015,1986096;
62,ME,2015,622099;
62,MK,2015,2069172;
62,MT,2015,429344;
62,NL,2015,16900726;
62,NO,2015,5166493;
62,PL,2015,38005614;
62,PT,2015,10374822;
62,RO,2015,19870647;
62,RS,2015,7114393;
62,SE,2015,9747355;
62,SI,2015,2062874;
62,SK,2015,5421349;
62,TR,2015,77695904;
62,UK,2015,64875165;
63,AL,2015,2893005;
63,AT,2015,8576261;
63,BE,2015,11258434;
63,BG,2015,7202198;
63,CH,2015,8237666;
63,CY,2015,847008;
63,CZ,2015,10538275;
63,DE,2015,81197537;
63,DE_TOT,2015,81197537;
63,DK,2015,5659715;
63,EA18,2015,335549738;
63,EA19,2015,338471000;
63,EE,2015,1313271;
63,EEA30,2015,509758499;
63,EEA31,2015,513983815;
63,EFTA,2015,13770625;
63,EL,2015,10858018;
63,ES,2015,46449565;
63,EU27,2015,504225540;
63,EU28,2015,508450856;
63,FI,2015,5471753;
63,FR,2015,66415161;
63,HR,2015,4225316;
63,HU,2015,9855571;
63,IE,2015,4628949;
63,IS,2015,329100;
63,IT,2015,60795612;
63,LI,2015,37366;
63,LT,2015,2921262;
63,LU,2015,562958;
63,LV,2015,1986096;
63,ME,2015,622099;
63,MK,2015,2069172;
63,MT,2015,429344;
63,NL,2015,16900726;
63,NO,2015,5166493;
63,PL,2015,38005614;
63,PT,2015,10374822;
63,RO,2015,19870647;
63,RS,2015,7114393;
63,SE,2015,9747355;
63,SI,2015,2062874;
63,SK,2015,5421349;
63,TR,2015,77695904;
63,UK,2015,64875165;
64,AL,2015,2893005;
64,AT,2015,8576261;
64,BE,2015,11258434;
64,BG,2015,7202198;
64,CH,2015,8237666;
64,CY,2015,847008;
64,CZ,2015,10538275;
64,DE,2015,81197537;
64,DE_TOT,2015,81197537;
64,DK,2015,5659715;
64,EA18,2015,335549738;
64,EA19,2015,338471000;
64,EE,2015,1313271;
64,EEA30,2015,509758499;
64,EEA31,2015,513983815;
64,EFTA,2015,13770625;
64,EL,2015,10858018;
64,ES,2015,46449565;
64,EU27,2015,504225540;
64,EU28,2015,508450856;
64,FI,2015,5471753;
64,FR,2015,66415161;
64,HR,2015,4225316;
64,HU,2015,9855571;
64,IE,2015,4628949;
64,IS,2015,329100;
64,IT,2015,60795612;
64,LI,2015,37366;
64,LT,2015,2921262;
64,LU,2015,562958;
64,LV,2015,1986096;
64,ME,2015,622099;
64,MK,2015,2069172;
64,MT,2015,429344;
64,NL,2015,16900726;
64,NO,2015,5166493;
64,PL,2015,38005614;
64,PT,2015,10374822;
64,RO,2015,19870647;
64,RS,2015,7114393;
64,SE,2015,9747355;
64,SI,2015,2062874;
64,SK,2015,5421349;
64,TR,2015,77695904;
64,UK,2015,64875165;
65,AL,2015,2893005;
65,AT,2015,8576261;
65,BE,2015,11258434;
65,BG,2015,7202198;
65,CH,2015,8237666;
65,CY,2015,847008;
65,CZ,2015,10538275;
65,DE,2015,81197537;
65,DE_TOT,2015,81197537;
65,DK,2015,5659715;
65,EA18,2015,335549738;
65,EA19,2015,338471000;
65,EE,2015,1313271;
65,EEA30,2015,509758499;
65,EEA31,2015,513983815;
65,EFTA,2015,13770625;
65,EL,2015,10858018;
65,ES,2015,46449565;
65,EU27,2015,504225540;
65,EU28,2015,508450856;
65,FI,2015,5471753;
65,FR,2015,66415161;
65,HR,2015,4225316;
65,HU,2015,9855571;
65,IE,2015,4628949;
65,IS,2015,329100;
65,IT,2015,60795612;
65,LI,2015,37366;
65,LT,2015,2921262;
65,LU,2015,562958;
65,LV,2015,1986096;
65,ME,2015,622099;
65,MK,2015,2069172;
65,MT,2015,429344;
65,NL,2015,16900726;
65,NO,2015,5166493;
65,PL,2015,38005614;
65,PT,2015,10374822;
65,RO,2015,19870647;
65,RS,2015,7114393;
65,SE,2015,9747355;
65,SI,2015,2062874;
65,SK,2015,5421349;
65,TR,2015,77695904;
65,UK,2015,64875165;
66,AL,2015,2893005;
66,AT,2015,8576261;
66,BE,2015,11258434;
66,BG,2015,7202198;
66,CH,2015,8237666;
66,CY,2015,847008;
66,CZ,2015,10538275;
66,DE,2015,81197537;
66,DE_TOT,2015,81197537;
66,DK,2015,5659715;
66,EA18,2015,335549738;
66,EA19,2015,338471000;
66,EE,2015,1313271;
66,EEA30,2015,509758499;
66,EEA31,2015,513983815;
66,EFTA,2015,13770625;
66,EL,2015,10858018;
66,ES,2015,46449565;
66,EU27,2015,504225540;
66,EU28,2015,508450856;
66,FI,2015,5471753;
66,FR,2015,66415161;
66,HR,2015,4225316;
66,HU,2015,9855571;
66,IE,2015,4628949;
66,IS,2015,329100;
66,IT,2015,60795612;
66,LI,2015,37366;
66,LT,2015,2921262;
66,LU,2015,562958;
66,LV,2015,1986096;
66,ME,2015,622099;
66,MK,2015,2069172;
66,MT,2015,429344;
66,NL,2015,16900726;
66,NO,2015,5166493;
66,PL,2015,38005614;
66,PT,2015,10374822;
66,RO,2015,19870647;
66,RS,2015,7114393;
66,SE,2015,9747355;
66,SI,2015,2062874;
66,SK,2015,5421349;
66,TR,2015,77695904;
66,UK,2015,64875165;
67,AL,2015,2893005;
67,AT,2015,8576261;
67,BE,2015,11258434;
67,BG,2015,7202198;
67,CH,2015,8237666;
67,CY,2015,847008;
67,CZ,2015,10538275;
67,DE,2015,81197537;
67,DE_TOT,2015,81197537;
67,DK,2015,5659715;
67,EA18,2015,335549738;
67,EA19,2015,338471000;
67,EE,2015,1313271;
67,EEA30,2015,509758499;
67,EEA31,2015,513983815;
67,EFTA,2015,13770625;
67,EL,2015,10858018;
67,ES,2015,46449565;
67,EU27,2015,504225540;
67,EU28,2015,508450856;
67,FI,2015,5471753;
67,FR,2015,66415161;
67,HR,2015,4225316;
67,HU,2015,9855571;
67,IE,2015,4628949;
67,IS,2015,329100;
67,IT,2015,60795612;
67,LI,2015,37366;
67,LT,2015,2921262;
67,LU,2015,562958;
67,LV,2015,1986096;
67,ME,2015,622099;
67,MK,2015,2069172;
67,MT,2015,429344;
67,NL,2015,16900726;
67,NO,2015,5166493;
67,PL,2015,38005614;
67,PT,2015,10374822;
67,RO,2015,19870647;
67,RS,2015,7114393;
67,SE,2015,9747355;
67,SI,2015,2062874;
67,SK,2015,5421349;
67,TR,2015,77695904;
67,UK,2015,64875165;
68,AL,2015,2893005;
68,AT,2015,8576261;
68,BE,2015,11258434;
68,BG,2015,7202198;
68,CH,2015,8237666;
68,CY,2015,847008;
68,CZ,2015,10538275;
68,DE,2015,81197537;
68,DE_TOT,2015,81197537;
68,DK,2015,5659715;
68,EA18,2015,335549738;
68,EA19,2015,338471000;
68,EE,2015,1313271;
68,EEA30,2015,509758499;
68,EEA31,2015,513983815;
68,EFTA,2015,13770625;
68,EL,2015,10858018;
68,ES,2015,46449565;
68,EU27,2015,504225540;
68,EU28,2015,508450856;
68,FI,2015,5471753;
68,FR,2015,66415161;
68,HR,2015,4225316;
68,HU,2015,9855571;
68,IE,2015,4628949;
68,IS,2015,329100;
68,IT,2015,60795612;
68,LI,2015,37366;
68,LT,2015,2921262;
68,LU,2015,562958;
68,LV,2015,1986096;
68,ME,2015,622099;
68,MK,2015,2069172;
68,MT,2015,429344;
68,NL,2015,16900726;
68,NO,2015,5166493;
68,PL,2015,38005614;
68,PT,2015,10374822;
68,RO,2015,19870647;
68,RS,2015,7114393;
68,SE,2015,9747355;
68,SI,2015,2062874;
68,SK,2015,5421349;
68,TR,2015,77695904;
68,UK,2015,64875165;
69,AL,2015,2893005;
69,AT,2015,8576261;
69,BE,2015,11258434;
69,BG,2015,7202198;
69,CH,2015,8237666;
69,CY,2015,847008;
69,CZ,2015,10538275;
69,DE,2015,81197537;
69,DE_TOT,2015,81197537;
69,DK,2015,5659715;
69,EA18,2015,335549738;
69,EA19,2015,338471000;
69,EE,2015,1313271;
69,EEA30,2015,509758499;
69,EEA31,2015,513983815;
69,EFTA,2015,13770625;
69,EL,2015,10858018;
69,ES,2015,46449565;
69,EU27,2015,504225540;
69,EU28,2015,508450856;
69,FI,2015,5471753;
69,FR,2015,66415161;
69,HR,2015,4225316;
69,HU,2015,9855571;
69,IE,2015,4628949;
69,IS,2015,329100;
69,IT,2015,60795612;
69,LI,2015,37366;
69,LT,2015,2921262;
69,LU,2015,562958;
69,LV,2015,1986096;
69,ME,2015,622099;
69,MK,2015,2069172;
69,MT,2015,429344;
69,NL,2015,16900726;
69,NO,2015,5166493;
69,PL,2015,38005614;
69,PT,2015,10374822;
69,RO,2015,19870647;
69,RS,2015,7114393;
69,SE,2015,9747355;
69,SI,2015,2062874;
69,SK,2015,5421349;
69,TR,2015,77695904;
69,UK,2015,64875165;
70,AL,2015,2893005;
70,AT,2015,8576261;
70,BE,2015,11258434;
70,BG,2015,7202198;
70,CH,2015,8237666;
70,CY,2015,847008;
70,CZ,2015,10538275;
70,DE,2015,81197537;
70,DE_TOT,2015,81197537;
70,DK,2015,5659715;
70,EA18,2015,335549738;
70,EA19,2015,338471000;
70,EE,2015,1313271;
70,EEA30,2015,509758499;
70,EEA31,2015,513983815;
70,EFTA,2015,13770625;
70,EL,2015,10858018;
70,ES,2015,46449565;
70,EU27,2015,504225540;
70,EU28,2015,508450856;
70,FI,2015,5471753;
70,FR,2015,66415161;
70,HR,2015,4225316;
70,HU,2015,9855571;
70,IE,2015,4628949;
70,IS,2015,329100;
70,IT,2015,60795612;
70,LI,2015,37366;
70,LT,2015,2921262;
70,LU,2015,562958;
70,LV,2015,1986096;
70,ME,2015,622099;
70,MK,2015,2069172;
70,MT,2015,429344;
70,NL,2015,16900726;
70,NO,2015,5166493;
70,PL,2015,38005614;
70,PT,2015,10374822;
70,RO,2015,19870647;
70,RS,2015,7114393;
70,SE,2015,9747355;
70,SI,2015,2062874;
70,SK,2015,5421349;
70,TR,2015,77695904;
70,UK,2015,64875165;
71,AL,2015,2893005;
71,AT,2015,8576261;
71,BE,2015,11258434;
71,BG,2015,7202198;
71,CH,2015,8237666;
71,CY,2015,847008;
71,CZ,2015,10538275;
71,DE,2015,81197537;
71,DE_TOT,2015,81197537;
71,DK,2015,5659715;
71,EA18,2015,335549738;
71,EA19,2015,338471000;
71,EE,2015,1313271;
71,EEA30,2015,509758499;
71,EEA31,2015,513983815;
71,EFTA,2015,13770625;
71,EL,2015,10858018;
71,ES,2015,46449565;
71,EU27,2015,504225540;
71,EU28,2015,508450856;
71,FI,2015,5471753;
71,FR,2015,66415161;
71,HR,2015,4225316;
71,HU,2015,9855571;
71,IE,2015,4628949;
71,IS,2015,329100;
71,IT,2015,60795612;
71,LI,2015,37366;
71,LT,2015,2921262;
71,LU,2015,562958;
71,LV,2015,1986096;
71,ME,2015,622099;
71,MK,2015,2069172;
71,MT,2015,429344;
71,NL,2015,16900726;
71,NO,2015,5166493;
71,PL,2015,38005614;
71,PT,2015,10374822;
71,RO,2015,19870647;
71,RS,2015,7114393;
71,SE,2015,9747355;
71,SI,2015,2062874;
71,SK,2015,5421349;
71,TR,2015,77695904;
71,UK,2015,64875165;
72,AL,2015,2893005;
72,AT,2015,8576261;
72,BE,2015,11258434;
72,BG,2015,7202198;
72,CH,2015,8237666;
72,CY,2015,847008;
72,CZ,2015,10538275;
72,DE,2015,81197537;
72,DE_TOT,2015,81197537;
72,DK,2015,5659715;
72,EA18,2015,335549738;
72,EA19,2015,338471000;
72,EE,2015,1313271;
72,EEA30,2015,509758499;
72,EEA31,2015,513983815;
72,EFTA,2015,13770625;
72,EL,2015,10858018;
72,ES,2015,46449565;
72,EU27,2015,504225540;
72,EU28,2015,508450856;
72,FI,2015,5471753;
72,FR,2015,66415161;
72,HR,2015,4225316;
72,HU,2015,9855571;
72,IE,2015,4628949;
72,IS,2015,329100;
72,IT,2015,60795612;
72,LI,2015,37366;
72,LT,2015,2921262;
72,LU,2015,562958;
72,LV,2015,1986096;
72,ME,2015,622099;
72,MK,2015,2069172;
72,MT,2015,429344;
72,NL,2015,16900726;
72,NO,2015,5166493;
72,PL,2015,38005614;
72,PT,2015,10374822;
72,RO,2015,19870647;
72,RS,2015,7114393;
72,SE,2015,9747355;
72,SI,2015,2062874;
72,SK,2015,5421349;
72,TR,2015,77695904;
72,UK,2015,64875165;
73,AL,2015,2893005;
73,AT,2015,8576261;
73,BE,2015,11258434;
73,BG,2015,7202198;
73,CH,2015,8237666;
73,CY,2015,847008;
73,CZ,2015,10538275;
73,DE,2015,81197537;
73,DE_TOT,2015,81197537;
73,DK,2015,5659715;
73,EA18,2015,335549738;
73,EA19,2015,338471000;
73,EE,2015,1313271;
73,EEA30,2015,509758499;
73,EEA31,2015,513983815;
73,EFTA,2015,13770625;
73,EL,2015,10858018;
73,ES,2015,46449565;
73,EU27,2015,504225540;
73,EU28,2015,508450856;
73,FI,2015,5471753;
73,FR,2015,66415161;
73,HR,2015,4225316;
73,HU,2015,9855571;
73,IE,2015,4628949;
73,IS,2015,329100;
73,IT,2015,60795612;
73,LI,2015,37366;
73,LT,2015,2921262;
73,LU,2015,562958;
73,LV,2015,1986096;
73,ME,2015,622099;
73,MK,2015,2069172;
73,MT,2015,429344;
73,NL,2015,16900726;
73,NO,2015,5166493;
73,PL,2015,38005614;
73,PT,2015,10374822;
73,RO,2015,19870647;
73,RS,2015,7114393;
73,SE,2015,9747355;
73,SI,2015,2062874;
73,SK,2015,5421349;
73,TR,2015,77695904;
73,UK,2015,64875165;
74,AL,2015,2893005;
74,AT,2015,8576261;
74,BE,2015,11258434;
74,BG,2015,7202198;
74,CH,2015,8237666;
74,CY,2015,847008;
74,CZ,2015,10538275;
74,DE,2015,81197537;
74,DE_TOT,2015,81197537;
74,DK,2015,5659715;
74,EA18,2015,335549738;
74,EA19,2015,338471000;
74,EE,2015,1313271;
74,EEA30,2015,509758499;
74,EEA31,2015,513983815;
74,EFTA,2015,13770625;
74,EL,2015,10858018;
74,ES,2015,46449565;
74,EU27,2015,504225540;
74,EU28,2015,508450856;
74,FI,2015,5471753;
74,FR,2015,66415161;
74,HR,2015,4225316;
74,HU,2015,9855571;
74,IE,2015,4628949;
74,IS,2015,329100;
74,IT,2015,60795612;
74,LI,2015,37366;
74,LT,2015,2921262;
74,LU,2015,562958;
74,LV,2015,1986096;
74,ME,2015,622099;
74,MK,2015,2069172;
74,MT,2015,429344;
74,NL,2015,16900726;
74,NO,2015,5166493;
74,PL,2015,38005614;
74,PT,2015,10374822;
74,RO,2015,19870647;
74,RS,2015,7114393;
74,SE,2015,9747355;
74,SI,2015,2062874;
74,SK,2015,5421349;
74,TR,2015,77695904;
74,UK,2015,64875165;
75,AL,2015,2893005;
75,AT,2015,8576261;
75,BE,2015,11258434;
75,BG,2015,7202198;
75,CH,2015,8237666;
75,CY,2015,847008;
75,CZ,2015,10538275;
75,DE,2015,81197537;
75,DE_TOT,2015,81197537;
75,DK,2015,5659715;
75,EA18,2015,335549738;
75,EA19,2015,338471000;
75,EE,2015,1313271;
75,EEA30,2015,509758499;
75,EEA31,2015,513983815;
75,EFTA,2015,13770625;
75,EL,2015,10858018;
75,ES,2015,46449565;
75,EU27,2015,504225540;
75,EU28,2015,508450856;
75,FI,2015,5471753;
75,FR,2015,66415161;
75,HR,2015,4225316;
75,HU,2015,9855571;
75,IE,2015,4628949;
75,IS,2015,329100;
75,IT,2015,60795612;
75,LI,2015,37366;
75,LT,2015,2921262;
75,LU,2015,562958;
75,LV,2015,1986096;
75,ME,2015,622099;
75,MK,2015,2069172;
75,MT,2015,429344;
75,NL,2015,16900726;
75,NO,2015,5166493;
75,PL,2015,38005614;
75,PT,2015,10374822;
75,RO,2015,19870647;
75,RS,2015,7114393;
75,SE,2015,9747355;
75,SI,2015,2062874;
75,SK,2015,5421349;
75,TR,2015,77695904;
75,UK,2015,64875165;
76,AL,2015,2893005;
76,AT,2015,8576261;
76,BE,2015,11258434;
76,BG,2015,7202198;
76,CH,2015,8237666;
76,CY,2015,847008;
76,CZ,2015,10538275;
76,DE,2015,81197537;
76,DE_TOT,2015,81197537;
76,DK,2015,5659715;
76,EA18,2015,335549738;
76,EA19,2015,338471000;
76,EE,2015,1313271;
76,EEA30,2015,509758499;
76,EEA31,2015,513983815;
76,EFTA,2015,13770625;
76,EL,2015,10858018;
76,ES,2015,46449565;
76,EU27,2015,504225540;
76,EU28,2015,508450856;
76,FI,2015,5471753;
76,FR,2015,66415161;
76,HR,2015,4225316;
76,HU,2015,9855571;
76,IE,2015,4628949;
76,IS,2015,329100;
76,IT,2015,60795612;
76,LI,2015,37366;
76,LT,2015,2921262;
76,LU,2015,562958;
76,LV,2015,1986096;
76,ME,2015,622099;
76,MK,2015,2069172;
76,MT,2015,429344;
76,NL,2015,16900726;
76,NO,2015,5166493;
76,PL,2015,38005614;
76,PT,2015,10374822;
76,RO,2015,19870647;
76,RS,2015,7114393;
76,SE,2015,9747355;
76,SI,2015,2062874;
76,SK,2015,5421349;
76,TR,2015,77695904;
76,UK,2015,64875165;
77,AL,2015,2893005;
77,AT,2015,8576261;
77,BE,2015,11258434;
77,BG,2015,7202198;
77,CH,2015,8237666;
77,CY,2015,847008;
77,CZ,2015,10538275;
77,DE,2015,81197537;
77,DE_TOT,2015,81197537;
77,DK,2015,5659715;
77,EA18,2015,335549738;
77,EA19,2015,338471000;
77,EE,2015,1313271;
77,EEA30,2015,509758499;
77,EEA31,2015,513983815;
77,EFTA,2015,13770625;
77,EL,2015,10858018;
77,ES,2015,46449565;
77,EU27,2015,504225540;
77,EU28,2015,508450856;
77,FI,2015,5471753;
77,FR,2015,66415161;
77,HR,2015,4225316;
77,HU,2015,9855571;
77,IE,2015,4628949;
77,IS,2015,329100;
77,IT,2015,60795612;
77,LI,2015,37366;
77,LT,2015,2921262;
77,LU,2015,562958;
77,LV,2015,1986096;
77,ME,2015,622099;
77,MK,2015,2069172;
77,MT,2015,429344;
77,NL,2015,16900726;
77,NO,2015,5166493;
77,PL,2015,38005614;
77,PT,2015,10374822;
77,RO,2015,19870647;
77,RS,2015,7114393;
77,SE,2015,9747355;
77,SI,2015,2062874;
77,SK,2015,5421349;
77,TR,2015,77695904;
77,UK,2015,64875165;
79,AL,2015,2893005;
79,AT,2015,8576261;
79,BE,2015,11258434;
79,BG,2015,7202198;
79,CH,2015,8237666;
79,CY,2015,847008;
79,CZ,2015,10538275;
79,DE,2015,81197537;
79,DE_TOT,2015,81197537;
79,DK,2015,5659715;
79,EA18,2015,335549738;
79,EA19,2015,338471000;
79,EE,2015,1313271;
79,EEA30,2015,509758499;
79,EEA31,2015,513983815;
79,EFTA,2015,13770625;
79,EL,2015,10858018;
79,ES,2015,46449565;
79,EU27,2015,504225540;
79,EU28,2015,508450856;
79,FI,2015,5471753;
79,FR,2015,66415161;
79,HR,2015,4225316;
79,HU,2015,9855571;
79,IE,2015,4628949;
79,IS,2015,329100;
79,IT,2015,60795612;
79,LI,2015,37366;
79,LT,2015,2921262;
79,LU,2015,562958;
79,LV,2015,1986096;
79,ME,2015,622099;
79,MK,2015,2069172;
79,MT,2015,429344;
79,NL,2015,16900726;
79,NO,2015,5166493;
79,PL,2015,38005614;
79,PT,2015,10374822;
79,RO,2015,19870647;
79,RS,2015,7114393;
79,SE,2015,9747355;
79,SI,2015,2062874;
79,SK,2015,5421349;
79,TR,2015,77695904;
79,UK,2015,64875165;
80,AL,2015,2893005;
80,AT,2015,8576261;
80,BE,2015,11258434;
80,BG,2015,7202198;
80,CH,2015,8237666;
80,CY,2015,847008;
80,CZ,2015,10538275;
80,DE,2015,81197537;
80,DE_TOT,2015,81197537;
80,DK,2015,5659715;
80,EA18,2015,335549738;
80,EA19,2015,338471000;
80,EE,2015,1313271;
80,EEA30,2015,509758499;
80,EEA31,2015,513983815;
80,EFTA,2015,13770625;
80,EL,2015,10858018;
80,ES,2015,46449565;
80,EU27,2015,504225540;
80,EU28,2015,508450856;
80,FI,2015,5471753;
80,FR,2015,66415161;
80,HR,2015,4225316;
80,HU,2015,9855571;
80,IE,2015,4628949;
80,IS,2015,329100;
80,IT,2015,60795612;
80,LI,2015,37366;
80,LT,2015,2921262;
80,LU,2015,562958;
80,LV,2015,1986096;
80,ME,2015,622099;
80,MK,2015,2069172;
80,MT,2015,429344;
80,NL,2015,16900726;
80,NO,2015,5166493;
80,PL,2015,38005614;
80,PT,2015,10374822;
80,RO,2015,19870647;
80,RS,2015,7114393;
80,SE,2015,9747355;
80,SI,2015,2062874;
80,SK,2015,5421349;
80,TR,2015,77695904;
80,UK,2015,64875165;
81,AL,2015,2893005;
81,AT,2015,8576261;
81,BE,2015,11258434;
81,BG,2015,7202198;
81,CH,2015,8237666;
81,CY,2015,847008;
81,CZ,2015,10538275;
81,DE,2015,81197537;
81,DE_TOT,2015,81197537;
81,DK,2015,5659715;
81,EA18,2015,335549738;
81,EA19,2015,338471000;
81,EE,2015,1313271;
81,EEA30,2015,509758499;
81,EEA31,2015,513983815;
81,EFTA,2015,13770625;
81,EL,2015,10858018;
81,ES,2015,46449565;
81,EU27,2015,504225540;
81,EU28,2015,508450856;
81,FI,2015,5471753;
81,FR,2015,66415161;
81,HR,2015,4225316;
81,HU,2015,9855571;
81,IE,2015,4628949;
81,IS,2015,329100;
81,IT,2015,60795612;
81,LI,2015,37366;
81,LT,2015,2921262;
81,LU,2015,562958;
81,LV,2015,1986096;
81,ME,2015,622099;
81,MK,2015,2069172;
81,MT,2015,429344;
81,NL,2015,16900726;
81,NO,2015,5166493;
81,PL,2015,38005614;
81,PT,2015,10374822;
81,RO,2015,19870647;
81,RS,2015,7114393;
81,SE,2015,9747355;
81,SI,2015,2062874;
81,SK,2015,5421349;
81,TR,2015,77695904;
81,UK,2015,64875165;
82,AL,2015,2893005;
82,AT,2015,8576261;
82,BE,2015,11258434;
82,BG,2015,7202198;
82,CH,2015,8237666;
82,CY,2015,847008;
82,CZ,2015,10538275;
82,DE,2015,81197537;
82,DE_TOT,2015,81197537;
82,DK,2015,5659715;
82,EA18,2015,335549738;
82,EA19,2015,338471000;
82,EE,2015,1313271;
82,EEA30,2015,509758499;
82,EEA31,2015,513983815;
82,EFTA,2015,13770625;
82,EL,2015,10858018;
82,ES,2015,46449565;
82,EU27,2015,504225540;
82,EU28,2015,508450856;
82,FI,2015,5471753;
82,FR,2015,66415161;
82,HR,2015,4225316;
82,HU,2015,9855571;
82,IE,2015,4628949;
82,IS,2015,329100;
82,IT,2015,60795612;
82,LI,2015,37366;
82,LT,2015,2921262;
82,LU,2015,562958;
82,LV,2015,1986096;
82,ME,2015,622099;
82,MK,2015,2069172;
82,MT,2015,429344;
82,NL,2015,16900726;
82,NO,2015,5166493;
82,PL,2015,38005614;
82,PT,2015,10374822;
82,RO,2015,19870647;
82,RS,2015,7114393;
82,SE,2015,9747355;
82,SI,2015,2062874;
82,SK,2015,5421349;
82,TR,2015,77695904;
82,UK,2015,64875165;
83,AL,2015,2893005;
83,AT,2015,8576261;
83,BE,2015,11258434;
83,BG,2015,7202198;
83,CH,2015,8237666;
83,CY,2015,847008;
83,CZ,2015,10538275;
83,DE,2015,81197537;
83,DE_TOT,2015,81197537;
83,DK,2015,5659715;
83,EA18,2015,335549738;
83,EA19,2015,338471000;
83,EE,2015,1313271;
83,EEA30,2015,509758499;
83,EEA31,2015,513983815;
83,EFTA,2015,13770625;
83,EL,2015,10858018;
83,ES,2015,46449565;
83,EU27,2015,504225540;
83,EU28,2015,508450856;
83,FI,2015,5471753;
83,FR,2015,66415161;
83,HR,2015,4225316;
83,HU,2015,9855571;
83,IE,2015,4628949;
83,IS,2015,329100;
83,IT,2015,60795612;
83,LI,2015,37366;
83,LT,2015,2921262;
83,LU,2015,562958;
83,LV,2015,1986096;
83,ME,2015,622099;
83,MK,2015,2069172;
83,MT,2015,429344;
83,NL,2015,16900726;
83,NO,2015,5166493;
83,PL,2015,38005614;
83,PT,2015,10374822;
83,RO,2015,19870647;
83,RS,2015,7114393;
83,SE,2015,9747355;
83,SI,2015,2062874;
83,SK,2015,5421349;
83,TR,2015,77695904;
83,UK,2015,64875165;
84,AL,2015,2893005;
84,AT,2015,8576261;
84,BE,2015,11258434;
84,BG,2015,7202198;
84,CH,2015,8237666;
84,CY,2015,847008;
84,CZ,2015,10538275;
84,DE,2015,81197537;
84,DE_TOT,2015,81197537;
84,DK,2015,5659715;
84,EA18,2015,335549738;
84,EA19,2015,338471000;
84,EE,2015,1313271;
84,EEA30,2015,509758499;
84,EEA31,2015,513983815;
84,EFTA,2015,13770625;
84,EL,2015,10858018;
84,ES,2015,46449565;
84,EU27,2015,504225540;
84,EU28,2015,508450856;
84,FI,2015,5471753;
84,FR,2015,66415161;
84,HR,2015,4225316;
84,HU,2015,9855571;
84,IE,2015,4628949;
84,IS,2015,329100;
84,IT,2015,60795612;
84,LI,2015,37366;
84,LT,2015,2921262;
84,LU,2015,562958;
84,LV,2015,1986096;
84,ME,2015,622099;
84,MK,2015,2069172;
84,MT,2015,429344;
84,NL,2015,16900726;
84,NO,2015,5166493;
84,PL,2015,38005614;
84,PT,2015,10374822;
84,RO,2015,19870647;
84,RS,2015,7114393;
84,SE,2015,9747355;
84,SI,2015,2062874;
84,SK,2015,5421349;
84,TR,2015,77695904;
84,UK,2015,64875165;
85,AL,2015,2893005;
85,AT,2015,8576261;
85,BE,2015,11258434;
85,BG,2015,7202198;
85,CH,2015,8237666;
85,CY,2015,847008;
85,CZ,2015,10538275;
85,DE,2015,81197537;
85,DE_TOT,2015,81197537;
85,DK,2015,5659715;
85,EA18,2015,335549738;
85,EA19,2015,338471000;
85,EE,2015,1313271;
85,EEA30,2015,509758499;
85,EEA31,2015,513983815;
85,EFTA,2015,13770625;
85,EL,2015,10858018;
85,ES,2015,46449565;
85,EU27,2015,504225540;
85,EU28,2015,508450856;
85,FI,2015,5471753;
85,FR,2015,66415161;
85,HR,2015,4225316;
85,HU,2015,9855571;
85,IE,2015,4628949;
85,IS,2015,329100;
85,IT,2015,60795612;
85,LI,2015,37366;
85,LT,2015,2921262;
85,LU,2015,562958;
85,LV,2015,1986096;
85,ME,2015,622099;
85,MK,2015,2069172;
85,MT,2015,429344;
85,NL,2015,16900726;
85,NO,2015,5166493;
85,PL,2015,38005614;
85,PT,2015,10374822;
85,RO,2015,19870647;
85,RS,2015,7114393;
85,SE,2015,9747355;
85,SI,2015,2062874;
85,SK,2015,5421349;
85,TR,2015,77695904;
85,UK,2015,64875165;
86,AL,2015,2893005;
86,AT,2015,8576261;
86,BE,2015,11258434;
86,BG,2015,7202198;
86,CH,2015,8237666;
86,CY,2015,847008;
86,CZ,2015,10538275;
86,DE,2015,81197537;
86,DE_TOT,2015,81197537;
86,DK,2015,5659715;
86,EA18,2015,335549738;
86,EA19,2015,338471000;
86,EE,2015,1313271;
86,EEA30,2015,509758499;
86,EEA31,2015,513983815;
86,EFTA,2015,13770625;
86,EL,2015,10858018;
86,ES,2015,46449565;
86,EU27,2015,504225540;
86,EU28,2015,508450856;
86,FI,2015,5471753;
86,FR,2015,66415161;
86,HR,2015,4225316;
86,HU,2015,9855571;
86,IE,2015,4628949;
86,IS,2015,329100;
86,IT,2015,60795612;
86,LI,2015,37366;
86,LT,2015,2921262;
86,LU,2015,562958;
86,LV,2015,1986096;
86,ME,2015,622099;
86,MK,2015,2069172;
86,MT,2015,429344;
86,NL,2015,16900726;
86,NO,2015,5166493;
86,PL,2015,38005614;
86,PT,2015,10374822;
86,RO,2015,19870647;
86,RS,2015,7114393;
86,SE,2015,9747355;
86,SI,2015,2062874;
86,SK,2015,5421349;
86,TR,2015,77695904;
86,UK,2015,64875165;
87,AL,2015,2893005;
87,AT,2015,8576261;
87,BE,2015,11258434;
87,BG,2015,7202198;
87,CH,2015,8237666;
87,CY,2015,847008;
87,CZ,2015,10538275;
87,DE,2015,81197537;
87,DE_TOT,2015,81197537;
87,DK,2015,5659715;
87,EA18,2015,335549738;
87,EA19,2015,338471000;
87,EE,2015,1313271;
87,EEA30,2015,509758499;
87,EEA31,2015,513983815;
87,EFTA,2015,13770625;
87,EL,2015,10858018;
87,ES,2015,46449565;
87,EU27,2015,504225540;
87,EU28,2015,508450856;
87,FI,2015,5471753;
87,FR,2015,66415161;
87,HR,2015,4225316;
87,HU,2015,9855571;
87,IE,2015,4628949;
87,IS,2015,329100;
87,IT,2015,60795612;
87,LI,2015,37366;
87,LT,2015,2921262;
87,LU,2015,562958;
87,LV,2015,1986096;
87,ME,2015,622099;
87,MK,2015,2069172;
87,MT,2015,429344;
87,NL,2015,16900726;
87,NO,2015,5166493;
87,PL,2015,38005614;
87,PT,2015,10374822;
87,RO,2015,19870647;
87,RS,2015,7114393;
87,SE,2015,9747355;
87,SI,2015,2062874;
87,SK,2015,5421349;
87,TR,2015,77695904;
87,UK,2015,64875165;
88,AL,2015,2893005;
88,AT,2015,8576261;
88,BE,2015,11258434;
88,BG,2015,7202198;
88,CH,2015,8237666;
88,CY,2015,847008;
88,CZ,2015,10538275;
88,DE,2015,81197537;
88,DE_TOT,2015,81197537;
88,DK,2015,5659715;
88,EA18,2015,335549738;
88,EA19,2015,338471000;
88,EE,2015,1313271;
88,EEA30,2015,509758499;
88,EEA31,2015,513983815;
88,EFTA,2015,13770625;
88,EL,2015,10858018;
88,ES,2015,46449565;
88,EU27,2015,504225540;
88,EU28,2015,508450856;
88,FI,2015,5471753;
88,FR,2015,66415161;
88,HR,2015,4225316;
88,HU,2015,9855571;
88,IE,2015,4628949;
88,IS,2015,329100;
88,IT,2015,60795612;
88,LI,2015,37366;
88,LT,2015,2921262;
88,LU,2015,562958;
88,LV,2015,1986096;
88,ME,2015,622099;
88,MK,2015,2069172;
88,MT,2015,429344;
88,NL,2015,16900726;
88,NO,2015,5166493;
88,PL,2015,38005614;
88,PT,2015,10374822;
88,RO,2015,19870647;
88,RS,2015,7114393;
88,SE,2015,9747355;
88,SI,2015,2062874;
88,SK,2015,5421349;
88,TR,2015,77695904;
88,UK,2015,64875165;
89,AL,2015,2893005;
89,AT,2015,8576261;
89,BE,2015,11258434;
89,BG,2015,7202198;
89,CH,2015,8237666;
89,CY,2015,847008;
89,CZ,2015,10538275;
89,DE,2015,81197537;
89,DE_TOT,2015,81197537;
89,DK,2015,5659715;
89,EA18,2015,335549738;
89,EA19,2015,338471000;
89,EE,2015,1313271;
89,EEA30,2015,509758499;
89,EEA31,2015,513983815;
89,EFTA,2015,13770625;
89,EL,2015,10858018;
89,ES,2015,46449565;
89,EU27,2015,504225540;
89,EU28,2015,508450856;
89,FI,2015,5471753;
89,FR,2015,66415161;
89,HR,2015,4225316;
89,HU,2015,9855571;
89,IE,2015,4628949;
89,IS,2015,329100;
89,IT,2015,60795612;
89,LI,2015,37366;
89,LT,2015,2921262;
89,LU,2015,562958;
89,LV,2015,1986096;
89,ME,2015,622099;
89,MK,2015,2069172;
89,MT,2015,429344;
89,NL,2015,16900726;
89,NO,2015,5166493;
89,PL,2015,38005614;
89,PT,2015,10374822;
89,RO,2015,19870647;
89,RS,2015,7114393;
89,SE,2015,9747355;
89,SI,2015,2062874;
89,SK,2015,5421349;
89,TR,2015,77695904;
89,UK,2015,64875165;
90,AL,2015,2893005;
90,AT,2015,8576261;
90,BE,2015,11258434;
90,BG,2015,7202198;
90,CH,2015,8237666;
90,CY,2015,847008;
90,CZ,2015,10538275;
90,DE,2015,81197537;
90,DE_TOT,2015,81197537;
90,DK,2015,5659715;
90,EA18,2015,335549738;
90,EA19,2015,338471000;
90,EE,2015,1313271;
90,EEA30,2015,509758499;
90,EEA31,2015,513983815;
90,EFTA,2015,13770625;
90,EL,2015,10858018;
90,ES,2015,46449565;
90,EU27,2015,504225540;
90,EU28,2015,508450856;
90,FI,2015,5471753;
90,FR,2015,66415161;
90,HR,2015,4225316;
90,HU,2015,9855571;
90,IE,2015,4628949;
90,IS,2015,329100;
90,IT,2015,60795612;
90,LI,2015,37366;
90,LT,2015,2921262;
90,LU,2015,562958;
90,LV,2015,1986096;
90,ME,2015,622099;
90,MK,2015,2069172;
90,MT,2015,429344;
90,NL,2015,16900726;
90,NO,2015,5166493;
90,PL,2015,38005614;
90,PT,2015,10374822;
90,RO,2015,19870647;
90,RS,2015,7114393;
90,SE,2015,9747355;
90,SI,2015,2062874;
90,SK,2015,5421349;
90,TR,2015,77695904;
90,UK,2015,64875165;
91,AL,2015,2893005;
91,AT,2015,8576261;
91,BE,2015,11258434;
91,BG,2015,7202198;
91,CH,2015,8237666;
91,CY,2015,847008;
91,CZ,2015,10538275;
91,DE,2015,81197537;
91,DE_TOT,2015,81197537;
91,DK,2015,5659715;
91,EA18,2015,335549738;
91,EA19,2015,338471000;
91,EE,2015,1313271;
91,EEA30,2015,509758499;
91,EEA31,2015,513983815;
91,EFTA,2015,13770625;
91,EL,2015,10858018;
91,ES,2015,46449565;
91,EU27,2015,504225540;
91,EU28,2015,508450856;
91,FI,2015,5471753;
91,FR,2015,66415161;
91,HR,2015,4225316;
91,HU,2015,9855571;
91,IE,2015,4628949;
91,IS,2015,329100;
91,IT,2015,60795612;
91,LI,2015,37366;
91,LT,2015,2921262;
91,LU,2015,562958;
91,LV,2015,1986096;
91,ME,2015,622099;
91,MK,2015,2069172;
91,MT,2015,429344;
91,NL,2015,16900726;
91,NO,2015,5166493;
91,PL,2015,38005614;
91,PT,2015,10374822;
91,RO,2015,19870647;
91,RS,2015,7114393;
91,SE,2015,9747355;
91,SI,2015,2062874;
91,SK,2015,5421349;
91,TR,2015,77695904;
91,UK,2015,64875165;
92,AT,2014,7.7;
92,BE,2014,11.0;
92,BG,2014,9.6;
92,CH,2014,9.6;
92,CY,2014,8.8;
92,CZ,2014,9.3;
92,DE,2014,6.7;
92,DK,2014,12.8;
92,EE,2014,6.0;
92,EL,2014,7.1;
92,ES,2014,9.4;
92,EU28,2014,8.6;
92,FI,2014,9.3;
92,FR,2014,10.7;
92,HR,2014,5.8;
92,HU,2014,6.1;
92,IE,2014,12.3;
92,IS,2014,15.1;
92,IT,2014,7.3;
92,LT,2014,6.1;
92,LU,2014,10.8;
92,LV,2014,4.6;
92,MT,2014,13.7;
92,NL,2014,10.2;
92,NO,2014,15.9;
92,PL,2014,8.1;
92,PT,2014,5.6;
92,RO,2014,5.7;
92,SE,2014,16.7;
92,SI,2014,8.6;
92,SK,2014,3.6;
92,UK,2014,10.6;
93,AT,2014,8.4;
93,BE,2014,11.0;
93,BG,2014,8.7;
93,CH,2014,10.6;
93,CY,2014,10.4;
93,CZ,2014,8.5;
93,DE,2014,6.8;
93,DK,2014,11.0;
93,EE,2014,4.9;
93,EL,2014,7.7;
93,ES,2014,10.1;
93,EU28,2014,8.6;
93,FI,2014,8.8;
93,FR,2014,10.4;
93,HR,2014,6.0;
93,HU,2014,6.0;
93,IE,2014,11.4;
93,IS,2014,15.4;
93,IT,2014,7.8;
93,LT,2014,6.1;
93,LU,2014,11.3;
93,LV,2014,4.0;
93,MT,2014,13.3;
93,NL,2014,10.7;
93,NO,2014,15.3;
93,PL,2014,7.5;
93,PT,2014,6.9;
93,RO,2014,5.9;
93,SE,2014,15.2;
93,SI,2014,7.8;
93,SK,2014,4.3;
93,UK,2014,9.7;
94,AT,2014,8.4;
94,BE,2014,11.0;
94,BG,2014,8.7;
94,CH,2014,10.6;
94,CY,2014,10.4;
94,CZ,2014,8.5;
94,DE,2014,6.8;
94,DK,2014,11.0;
94,EE,2014,4.9;
94,EL,2014,7.7;
94,ES,2014,10.1;
94,EU28,2014,8.6;
94,FI,2014,8.8;
94,FR,2014,10.4;
94,HR,2014,6.0;
94,HU,2014,6.0;
94,IE,2014,11.4;
94,IS,2014,15.4;
94,IT,2014,7.8;
94,LT,2014,6.1;
94,LU,2014,11.3;
94,LV,2014,4.0;
94,MT,2014,13.3;
94,NL,2014,10.7;
94,NO,2014,15.3;
94,PL,2014,7.5;
94,PT,2014,6.9;
94,RO,2014,5.9;
94,SE,2014,15.2;
94,SI,2014,7.8;
94,SK,2014,4.3;
94,UK,2014,9.7;
95,AT,2014,8.4;
95,BE,2014,11.0;
95,BG,2014,8.7;
95,CH,2014,10.6;
95,CY,2014,10.4;
95,CZ,2014,8.5;
95,DE,2014,6.8;
95,DK,2014,11.0;
95,EE,2014,4.9;
95,EL,2014,7.7;
95,ES,2014,10.1;
95,EU28,2014,8.6;
95,FI,2014,8.8;
95,FR,2014,10.4;
95,HR,2014,6.0;
95,HU,2014,6.0;
95,IE,2014,11.4;
95,IS,2014,15.4;
95,IT,2014,7.8;
95,LT,2014,6.1;
95,LU,2014,11.3;
95,LV,2014,4.0;
95,MT,2014,13.3;
95,NL,2014,10.7;
95,NO,2014,15.3;
95,PL,2014,7.5;
95,PT,2014,6.9;
95,RO,2014,5.9;
95,SE,2014,15.2;
95,SI,2014,7.8;
95,SK,2014,4.3;
95,UK,2014,9.7;
96,AT,2014,8.4;
96,BE,2014,11.0;
96,BG,2014,8.7;
96,CH,2014,10.6;
96,CY,2014,10.4;
96,CZ,2014,8.5;
96,DE,2014,6.8;
96,DK,2014,11.0;
96,EE,2014,4.9;
96,EL,2014,7.7;
96,ES,2014,10.1;
96,EU28,2014,8.6;
96,FI,2014,8.8;
96,FR,2014,10.4;
96,HR,2014,6.0;
96,HU,2014,6.0;
96,IE,2014,11.4;
96,IS,2014,15.4;
96,IT,2014,7.8;
96,LT,2014,6.1;
96,LU,2014,11.3;
96,LV,2014,4.0;
96,MT,2014,13.3;
96,NL,2014,10.7;
96,NO,2014,15.3;
96,PL,2014,7.5;
96,PT,2014,6.9;
96,RO,2014,5.9;
96,SE,2014,15.2;
96,SI,2014,7.8;
96,SK,2014,4.3;
96,UK,2014,9.7;
97,AT,2014,8.4;
97,BE,2014,11.0;
97,BG,2014,8.7;
97,CH,2014,10.6;
97,CY,2014,10.4;
97,CZ,2014,8.5;
97,DE,2014,6.8;
97,DK,2014,11.0;
97,EE,2014,4.9;
97,EL,2014,7.7;
97,ES,2014,10.1;
97,EU28,2014,8.6;
97,FI,2014,8.8;
97,FR,2014,10.4;
97,HR,2014,6.0;
97,HU,2014,6.0;
97,IE,2014,11.4;
97,IS,2014,15.4;
97,IT,2014,7.8;
97,LT,2014,6.1;
97,LU,2014,11.3;
97,LV,2014,4.0;
97,MT,2014,13.3;
97,NL,2014,10.7;
97,NO,2014,15.3;
97,PL,2014,7.5;
97,PT,2014,6.9;
97,RO,2014,5.9;
97,SE,2014,15.2;
97,SI,2014,7.8;
97,SK,2014,4.3;
97,UK,2014,9.7;
98,AT,2014,8.4;
98,BE,2014,11.0;
98,BG,2014,8.7;
98,CH,2014,10.6;
98,CY,2014,10.4;
98,CZ,2014,8.5;
98,DE,2014,6.8;
98,DK,2014,11.0;
98,EE,2014,4.9;
98,EL,2014,7.7;
98,ES,2014,10.1;
98,EU28,2014,8.6;
98,FI,2014,8.8;
98,FR,2014,10.4;
98,HR,2014,6.0;
98,HU,2014,6.0;
98,IE,2014,11.4;
98,IS,2014,15.4;
98,IT,2014,7.8;
98,LT,2014,6.1;
98,LU,2014,11.3;
98,LV,2014,4.0;
98,MT,2014,13.3;
98,NL,2014,10.7;
98,NO,2014,15.3;
98,PL,2014,7.5;
98,PT,2014,6.9;
98,RO,2014,5.9;
98,SE,2014,15.2;
98,SI,2014,7.8;
98,SK,2014,4.3;
98,UK,2014,9.7;
99,AT,2014,8.4;
99,BE,2014,11.0;
99,BG,2014,8.7;
99,CH,2014,10.6;
99,CY,2014,10.4;
99,CZ,2014,8.5;
99,DE,2014,6.8;
99,DK,2014,11.0;
99,EE,2014,4.9;
99,EL,2014,7.7;
99,ES,2014,10.1;
99,EU28,2014,8.6;
99,FI,2014,8.8;
99,FR,2014,10.4;
99,HR,2014,6.0;
99,HU,2014,6.0;
99,IE,2014,11.4;
99,IS,2014,15.4;
99,IT,2014,7.8;
99,LT,2014,6.1;
99,LU,2014,11.3;
99,LV,2014,4.0;
99,MT,2014,13.3;
99,NL,2014,10.7;
99,NO,2014,15.3;
99,PL,2014,7.5;
99,PT,2014,6.9;
99,RO,2014,5.9;
99,SE,2014,15.2;
99,SI,2014,7.8;
99,SK,2014,4.3;
99,UK,2014,9.7;
100,AT,2014,8.4;
100,BE,2014,11.0;
100,BG,2014,8.7;
100,CH,2014,10.6;
100,CY,2014,10.4;
100,CZ,2014,8.5;
100,DE,2014,6.8;
100,DK,2014,11.0;
100,EE,2014,4.9;
100,EL,2014,7.7;
100,ES,2014,10.1;
100,EU28,2014,8.6;
100,FI,2014,8.8;
100,FR,2014,10.4;
100,HR,2014,6.0;
100,HU,2014,6.0;
100,IE,2014,11.4;
100,IS,2014,15.4;
100,IT,2014,7.8;
100,LT,2014,6.1;
100,LU,2014,11.3;
100,LV,2014,4.0;
100,MT,2014,13.3;
100,NL,2014,10.7;
100,NO,2014,15.3;
100,PL,2014,7.5;
100,PT,2014,6.9;
100,RO,2014,5.9;
100,SE,2014,15.2;
100,SI,2014,7.8;
100,SK,2014,4.3;
100,UK,2014,9.7;
101,AT,2014,8.4;
101,BE,2014,11.0;
101,BG,2014,8.7;
101,CH,2014,10.6;
101,CY,2014,10.4;
101,CZ,2014,8.5;
101,DE,2014,6.8;
101,DK,2014,11.0;
101,EE,2014,4.9;
101,EL,2014,7.7;
101,ES,2014,10.1;
101,EU28,2014,8.6;
101,FI,2014,8.8;
101,FR,2014,10.4;
101,HR,2014,6.0;
101,HU,2014,6.0;
101,IE,2014,11.4;
101,IS,2014,15.4;
101,IT,2014,7.8;
101,LT,2014,6.1;
101,LU,2014,11.3;
101,LV,2014,4.0;
101,MT,2014,13.3;
101,NL,2014,10.7;
101,NO,2014,15.3;
101,PL,2014,7.5;
101,PT,2014,6.9;
101,RO,2014,5.9;
101,SE,2014,15.2;
101,SI,2014,7.8;
101,SK,2014,4.3;
101,UK,2014,9.7;
102,AT,2014,8.4;
102,BE,2014,11.0;
102,BG,2014,8.7;
102,CH,2014,10.6;
102,CY,2014,10.4;
102,CZ,2014,8.5;
102,DE,2014,6.8;
102,DK,2014,11.0;
102,EE,2014,4.9;
102,EL,2014,7.7;
102,ES,2014,10.1;
102,EU28,2014,8.6;
102,FI,2014,8.8;
102,FR,2014,10.4;
102,HR,2014,6.0;
102,HU,2014,6.0;
102,IE,2014,11.4;
102,IS,2014,15.4;
102,IT,2014,7.8;
102,LT,2014,6.1;
102,LU,2014,11.3;
102,LV,2014,4.0;
102,MT,2014,13.3;
102,NL,2014,10.7;
102,NO,2014,15.3;
102,PL,2014,7.5;
102,PT,2014,6.9;
102,RO,2014,5.9;
102,SE,2014,15.2;
102,SI,2014,7.8;
102,SK,2014,4.3;
102,UK,2014,9.7;
103,AT,2014,8.4;
103,BE,2014,11.0;
103,BG,2014,8.7;
103,CH,2014,10.6;
103,CY,2014,10.4;
103,CZ,2014,8.5;
103,DE,2014,6.8;
103,DK,2014,11.0;
103,EE,2014,4.9;
103,EL,2014,7.7;
103,ES,2014,10.1;
103,EU28,2014,8.6;
103,FI,2014,8.8;
103,FR,2014,10.4;
103,HR,2014,6.0;
103,HU,2014,6.0;
103,IE,2014,11.4;
103,IS,2014,15.4;
103,IT,2014,7.8;
103,LT,2014,6.1;
103,LU,2014,11.3;
103,LV,2014,4.0;
103,MT,2014,13.3;
103,NL,2014,10.7;
103,NO,2014,15.3;
103,PL,2014,7.5;
103,PT,2014,6.9;
103,RO,2014,5.9;
103,SE,2014,15.2;
103,SI,2014,7.8;
103,SK,2014,4.3;
103,UK,2014,9.7;
105,AT,2014,8.4;
105,BE,2014,11.0;
105,BG,2014,8.7;
105,CH,2014,10.6;
105,CY,2014,10.4;
105,CZ,2014,8.5;
105,DE,2014,6.8;
105,DK,2014,11.0;
105,EE,2014,4.9;
105,EL,2014,7.7;
105,ES,2014,10.1;
105,EU28,2014,8.6;
105,FI,2014,8.8;
105,FR,2014,10.4;
105,HR,2014,6.0;
105,HU,2014,6.0;
105,IE,2014,11.4;
105,IS,2014,15.4;
105,IT,2014,7.8;
105,LT,2014,6.1;
105,LU,2014,11.3;
105,LV,2014,4.0;
105,MT,2014,13.3;
105,NL,2014,10.7;
105,NO,2014,15.3;
105,PL,2014,7.5;
105,PT,2014,6.9;
105,RO,2014,5.9;
105,SE,2014,15.2;
105,SI,2014,7.8;
105,SK,2014,4.3;
105,UK,2014,9.7;
